  0.0000000000000000e+00   9.9999987058212414e-01   1.2941787590933659e-07   4.9999999186323518e-01
  7.1999999999999995e-02   9.6285297396726743e-01   3.7147026032732781e-02   4.9999999703181180e-01
  1.4399999999999999e-01   9.2349692478448631e-01   7.6503075215513985e-02   4.9999999588442856e-01
  2.1600000000000000e-01   8.8213160642095101e-01   1.1786839357904925e-01   4.9999999470880668e-01
  2.8799999999999998e-01   8.3901711569930659e-01   1.6098288430069368e-01   4.9999999351588270e-01
  3.5999999999999999e-01   7.9446985593549357e-01   2.0553014406450676e-01   4.9999999231720216e-01
  4.3200000000000000e-01   7.4885504203194786e-01   2.5114495796805247e-01   4.9999999112448629e-01
  5.0400000000000000e-01   7.0257583076937724e-01   2.9742416923062315e-01   4.9999998994918921e-01
  5.7599999999999996e-01   6.5605966925981929e-01   3.4394033074018110e-01   4.9999998880207608e-01
  6.4800000000000002e-01   6.0974279306348300e-01   3.9025720693651744e-01   4.9999998769285120e-01
  7.1999999999999997e-01   5.6405404186832442e-01   4.3594595813167603e-01   4.9999998662986200e-01
  7.9200000000000004e-01   5.1939924992594999e-01   4.8060075007405034e-01   4.9999998561989617e-01
  8.6399999999999999e-01   4.7614739315886712e-01   5.2385260684113322e-01   4.9999998466808121e-01
  9.3600000000000005e-01   4.3461944974831890e-01   5.6538055025168144e-01   4.9999998377788357e-01
  1.0080000000000000e+00   3.9508059904467108e-01   6.0491940095532926e-01   4.9999998295119463e-01
  1.0800000000000001e+00   3.5773600469308786e-01   6.4226399530691247e-01   4.9999998218848452e-01
  1.1519999999999999e+00   3.2273006399839432e-01   6.7726993600160601e-01   4.9999998148899932e-01
  1.2240000000000000e+00   2.9014870752906236e-01   7.0985129247093803e-01   4.9999998085098007e-01
  1.2960000000000000e+00   2.6002413164978827e-01   7.3997586835021201e-01   4.9999998027188375e-01
  1.3680000000000001e+00   2.3234125078368598e-01   7.6765874921631438e-01   4.9999997974859156e-01
  1.4399999999999999e+00   2.0704515556637837e-01   7.9295484443362196e-01   4.9999997927759643e-01
  1.5120000000000000e+00   1.8404893520782176e-01   8.1595106479217849e-01   4.9999997885516412e-01
  1.5840000000000001e+00   1.6324133994540829e-01   8.3675866005459199e-01   4.9999997847746736e-01
  1.6559999999999999e+00   1.4449389631007800e-01   8.5550610368992219e-01   4.9999997814069386e-01
  1.7280000000000000e+00   1.2766722306744879e-01   8.7233277693255140e-01   4.9999997784113009e-01
  1.8000000000000000e+00   1.1261641498011489e-01   8.8738358501988535e-01   4.9999997757522380e-01
  1.8720000000000001e+00   9.9195457446275948e-02   9.0080454255372433e-01   4.9999997733962764e-01
  1.9440000000000000e+00   8.7260705470360370e-02   9.1273929452963987e-01   4.9999997713122674e-01
  2.0160000000000000e+00   7.6673506898811430e-02   9.2332649310118886e-01   4.9999997694715342e-01
  2.0880000000000001e+00   6.7302076109446857e-02   9.3269792389055339e-01   4.9999997678479041e-01
  2.1600000000000001e+00   5.9022734908824974e-02   9.4097726509117519e-01   4.9999997664176593e-01
  2.2320000000000002e+00   5.1720636753177764e-02   9.4827936324682238e-01   4.9999997651594225e-01
  2.3039999999999998e+00   4.5290082490515644e-02   9.5470991750948453e-01   4.9999997640539984e-01
  2.3759999999999999e+00   3.9634523769853741e-02   9.6036547623014645e-01   4.9999997630841914e-01
  2.4480000000000000e+00   3.4666336414685986e-02   9.6533366358531414e-01   4.9999997622346182e-01
  2.5200000000000000e+00   3.0306432022290830e-02   9.6969356797770934e-01   4.9999997614915170e-01
  2.5920000000000001e+00   2.6483762845273127e-02   9.7351623715472702e-01   4.9999997608425789e-01
  2.6640000000000001e+00   2.3134763203376919e-02   9.7686523679662329e-01   4.9999997602767887e-01
  2.7360000000000002e+00   2.0202760508091507e-02   9.7979723949190867e-01   4.9999997597842905e-01
  2.8079999999999998e+00   1.7637380493233146e-02   9.8236261950676707e-01   4.9999997593562701e-01
  2.8799999999999999e+00   1.5393964334877046e-02   9.8460603566512317e-01   4.9999997589848511e-01
  2.9520000000000000e+00   1.3433009847039842e-02   9.8656699015296034e-01   4.9999997586630085e-01
  3.0240000000000000e+00   1.1719644659492857e-02   9.8828035534050729e-01   4.9999997583844902e-01
  3.0960000000000001e+00   1.0223136022129738e-02   9.8977686397787046e-01   4.9999997581437444e-01
  3.1680000000000001e+00   8.9164394499385256e-03   9.9108356055006164e-01   4.9999997579358596e-01
  3.2400000000000002e+00   7.7757866577352758e-03   9.9222421334226496e-01   4.9999997577565025e-01
  3.3119999999999998e+00   6.7803119917464608e-03   9.9321968800825378e-01   4.9999997576018618e-01
  3.3839999999999999e+00   5.9117157267031002e-03   9.9408828427329710e-01   4.9999997574685973e-01
  3.4560000000000000e+00   5.1539620649527747e-03   9.9484603793504744e-01   4.9999997573537913e-01
  3.5280000000000000e+00   4.4930093701042676e-03   9.9550699062989589e-01   4.9999997572549015e-01
  3.6000000000000001e+00   3.9165700302616511e-03   9.9608342996973842e-01   4.9999997571697191e-01
  3.6720000000000002e+00   3.4138973270615327e-03   9.9658610267293857e-01   4.9999997570963300e-01
  3.7440000000000002e+00   2.9755967497667240e-03   9.9702440325023334e-01   4.9999997570330790e-01
  3.8159999999999998e+00   2.5934593108325795e-03   9.9740654068916745e-01   4.9999997569785376e-01
  3.8879999999999999e+00   2.2603145699827379e-03   9.9773968543001734e-01   4.9999997569314747e-01
  3.9600000000000000e+00   1.9699012427791475e-03   9.9803009875722093e-01   4.9999997568908316e-01
  4.0320000000000000e+00   1.7167534460858648e-03   9.9828324655391432e-01   4.9999997568556981e-01
  4.1040000000000001e+00   1.4961008090998724e-03   9.9850389919090021e-01   4.9999997568252930e-01
  4.1760000000000002e+00   1.3037808495987991e-03   9.9869621915040130e-01   4.9999997567989463e-01
  4.2480000000000002e+00   1.1361621774023153e-03   9.9886383782259780e-01   4.9999997567760834e-01
  4.3200000000000003e+00   9.9007723876654648e-04   9.9900992276123357e-01   4.9999997567562116e-01
  4.3920000000000003e+00   8.6276345550057477e-04   9.9913723654449949e-01   4.9999997567389087e-01
  4.4640000000000004e+00   7.5181174066607157e-04   9.9924818825933404e-01   4.9999997567238141e-01
  4.5359999999999996e+00   6.5512148892196513e-04   9.9934487851107812e-01   4.9999997567106180e-01
  4.6079999999999997e+00   5.7086124434599535e-04   9.9942913875565409e-01   4.9999997566990551e-01
  4.6799999999999997e+00   4.9743434254195655e-04   9.9950256565745810e-01   4.9999997566888982e-01
  4.7519999999999998e+00   4.3344890777672837e-04   9.9956655109222337e-01   4.9999997566799531e-01
  4.8239999999999998e+00   3.7769166058971258e-04   9.9962230833941035e-01   4.9999997566720528e-01
  4.8959999999999999e+00   3.2910505759542794e-04   9.9967089494240458e-01   4.9999997566650539e-01
  4.9680000000000000e+00   2.8676734385727414e-04   9.9971323265614265e-01   4.9999997566588339e-01
  5.0400000000000000e+00   2.4987515001088906e-04   9.9975012484998915e-01   4.9999997566532883e-01
  5.1120000000000001e+00   2.1772831197632009e-04   9.9978227168802369e-01   4.9999997566483262e-01
  5.1840000000000002e+00   1.8971663128366828e-04   9.9981028336871636e-01   4.9999997566438703e-01
  5.2560000000000002e+00   1.6530832935572986e-04   9.9983469167064420e-01   4.9999997566398535e-01
  5.3280000000000003e+00   1.4403998009676297e-04   9.9985596001990329e-01   4.9999997566362192e-01
  5.4000000000000004e+00   1.2550773232839925e-04   9.9987449226767156e-01   4.9999997566329180e-01
  5.4720000000000004e+00   1.0935965744043241e-04   9.9989064034255959e-01   4.9999997566299076e-01
  5.5439999999999996e+00   9.5289078486676592e-05   9.9990471092151334e-01   4.9999997566271515e-01
  5.6159999999999997e+00   8.3028755211323984e-05   9.9991697124478862e-01   4.9999997566246185e-01
  5.6879999999999997e+00   7.2345815456176040e-05   9.9992765418454377e-01   4.9999997566222815e-01
  5.7599999999999998e+00   6.3037337354384377e-05   9.9993696266264553e-01   4.9999997566201165e-01
  5.8319999999999999e+00   5.4926498909792964e-05   9.9994507350109008e-01   4.9999997566181043e-01
  5.9039999999999999e+00   4.7859222211183939e-05   9.9995214077778882e-01   4.9999997566162274e-01
  5.9760000000000000e+00   4.1701248830082169e-05   9.9995829875116993e-01   4.9999997566144705e-01
  6.0480000000000000e+00   3.6335591068392103e-05   9.9996366440893159e-01   4.9999997566128201e-01
  6.1200000000000001e+00   3.1660310806511040e-05   9.9996833968919352e-01   4.9999997566112664e-01
  6.1920000000000002e+00   2.7586583883927007e-05   9.9997241341611609e-01   4.9999997566097981e-01
  6.2640000000000002e+00   2.4037013336799937e-05   9.9997596298666325e-01   4.9999997566084081e-01
  6.3360000000000003e+00   2.0944159520584775e-05   9.9997905584047952e-01   4.9999997566070881e-01
  6.4080000000000004e+00   1.8249259247843368e-05   9.9998175074075224e-01   4.9999997566058318e-01
  6.4800000000000004e+00   1.5901109648499667e-05   9.9998409889035156e-01   4.9999997566046339e-01
  6.5519999999999996e+00   1.3855095578785795e-05   9.9998614490442128e-01   4.9999997566034893e-01
  6.6239999999999997e+00   1.2072342124431348e-05   9.9998792765787559e-01   4.9999997566023946e-01
  6.6959999999999997e+00   1.0518976114299044e-05   9.9998948102388574e-01   4.9999997566013449e-01
  6.7679999999999998e+00   9.1654826272291524e-06   9.9999083451737281e-01   4.9999997566003374e-01
  6.8399999999999999e+00   7.9861442762228516e-06   9.9999201385572389e-01   4.9999997565993687e-01
  6.9119999999999999e+00   6.9585526242215201e-06   9.9999304144737577e-01   4.9999997565984372e-01
  6.9840000000000000e+00   6.0631824542475343e-06   9.9999393681754578e-01   4.9999997565975407e-01
  7.0560000000000000e+00   5.2830208094056793e-06   9.9999471697919051e-01   4.9999997565966758e-01
  7.1280000000000001e+00   4.6032437577444840e-06   9.9999539675624216e-01   4.9999997565958421e-01
  7.2000000000000002e+00   4.0109347429031354e-06   9.9999598906525700e-01   4.9999997565950371e-01
  7.2720000000000002e+00   3.4948391709657234e-06   9.9999650516082894e-01   4.9999997565942600e-01
  7.3440000000000003e+00   3.0451505719587113e-06   9.9999695484942797e-01   4.9999997565935089e-01
  7.4160000000000004e+00   2.6533242739924875e-06   9.9999734667572582e-01   4.9999997565927834e-01
  7.4880000000000004e+00   2.3119150505255005e-06   9.9999768808494938e-01   4.9999997565920817e-01
  7.5599999999999996e+00   2.0144356565243472e-06   9.9999798556434338e-01   4.9999997565914028e-01
  7.6319999999999997e+00   1.7552335660388404e-06   9.9999824476643384e-01   4.9999997565907461e-01
  7.7039999999999997e+00   1.5293835694328458e-06   9.9999847061643043e-01   4.9999997565901105e-01
  7.7759999999999998e+00   1.3325941897685443e-06   9.9999866740581012e-01   4.9999997565894955e-01
  7.8479999999999999e+00   1.1611261403504050e-06   9.9999883887385954e-01   4.9999997565889004e-01
  7.9199999999999999e+00   1.0117212741776350e-06   9.9999898827872569e-01   4.9999997565883242e-01
  7.9920000000000000e+00   8.8154067537227247e-07   9.9999911845932454e-01   4.9999997565877663e-01
  8.0640000000000001e+00   7.6811071632833889e-07   9.9999923188928352e-01   4.9999997565872262e-01
  8.1359999999999992e+00   6.6927605566313951e-07   9.9999933072394409e-01   4.9999997565867033e-01
  8.2080000000000002e+00   5.8315868391858884e-07   9.9999941684131588e-01   4.9999997565861970e-01
  8.2799999999999994e+00   5.0812223886248637e-07   9.9999949187776105e-01   4.9999997565857068e-01
  8.3520000000000003e+00   4.4274091235921294e-07   9.9999955725908762e-01   4.9999997565852322e-01
  8.4239999999999995e+00   3.8577235801789381e-07   9.9999961422764194e-01   4.9999997565847726e-01
  8.4960000000000004e+00   3.3613408484073126e-07   9.9999966386591510e-01   4.9999997565843279e-01
  8.5679999999999996e+00   2.9288288832882958e-07   9.9999970711711161e-01   4.9999997565838972e-01
  8.6400000000000006e+00   2.5519692821562302e-07   9.9999974480307163e-01   4.9999997565834803e-01
  8.7119999999999997e+00   2.2236011228530904e-07   9.9999977763988757e-01   4.9999997565830767e-01
  8.7840000000000007e+00   1.9374848955081792e-07   9.9999980625151030e-01   4.9999997565826865e-01
  8.8559999999999999e+00   1.6881839424523830e-07   9.9999983118160563e-01   4.9999997565823084e-01
  8.9280000000000008e+00   1.4709611534761396e-07   9.9999985290388449e-01   4.9999997565819426e-01
  9.0000000000000000e+00   1.2816889535066365e-07   9.9999987183110439e-01   4.9999997565815885e-01
  9.0719999999999992e+00   1.1167708723496649e-07   9.9999988832291253e-01   4.9999997565812460e-01
  9.1440000000000001e+00   9.7307320621377304e-08   9.9999990269267913e-01   4.9999997565809146e-01
  9.2159999999999993e+00   8.4786547249012229e-08   9.9999991521345244e-01   4.9999997565805937e-01
  9.2880000000000003e+00   7.3876852634414985e-08   9.9999992612314703e-01   4.9999997565802834e-01
  9.3599999999999994e+00   6.4370935325936283e-08   9.9999993562906442e-01   4.9999997565799836e-01
  9.4320000000000004e+00   5.6088167852547624e-08   9.9999994391183189e-01   4.9999997565796933e-01
  9.5039999999999996e+00   4.8871164519292283e-08   9.9999995112883522e-01   4.9999997565794124e-01
  9.5760000000000005e+00   4.2582790832363261e-08   9.9999995741720893e-01   4.9999997565791410e-01
  9.6479999999999997e+00   3.7103557728383570e-08   9.9999996289644189e-01   4.9999997565788784e-01
  9.7200000000000006e+00   3.2329351094295368e-08   9.9999996767064858e-01   4.9999997565786242e-01
  9.7919999999999998e+00   2.8169453435272948e-08   9.9999997183054634e-01   4.9999997565783788e-01
  9.8640000000000008e+00   2.4544820099316745e-08   9.9999997545517960e-01   4.9999997565781412e-01
  9.9359999999999999e+00   2.1386577304140298e-08   9.9999997861342238e-01   4.9999997565779120e-01
  1.0007999999999999e+01   1.8634713426538276e-08   9.9999998136528634e-01   4.9999997565776899e-01
  1.0080000000000000e+01   1.6236938686702606e-08   9.9999998376306098e-01   4.9999997565774756e-01
  1.0151999999999999e+01   1.4147691559713617e-08   9.9999998585230809e-01   4.9999997565772680e-01
  1.0224000000000000e+01   1.2327273034474025e-08   9.9999998767272658e-01   4.9999997565770676e-01
  1.0295999999999999e+01   1.0741092269651170e-08   9.9999998925890732e-01   4.9999997565768739e-01
  1.0368000000000000e+01   9.3590093129081991e-09   9.9999999064099021e-01   4.9999997565766868e-01
  1.0440000000000000e+01   8.1547623940576151e-09   9.9999999184523714e-01   4.9999997565765059e-01
  1.0512000000000000e+01   7.1054689098066145e-09   9.9999999289453068e-01   4.9999997565763310e-01
  1.0584000000000000e+01   6.1911906180187154e-09   9.9999999380880888e-01   4.9999997565761622e-01
  1.0656000000000001e+01   5.3945547794973070e-09   9.9999999460544475e-01   4.9999997565759985e-01
  1.0728000000000000e+01   4.7004240483872619e-09   9.9999999529957551e-01   4.9999997565758408e-01
  1.0800000000000001e+01   4.0956088385909610e-09   9.9999999590439070e-01   4.9999997565756887e-01
  1.0872000000000000e+01   3.5686167007060919e-09   9.9999999643138282e-01   4.9999997565755411e-01
  1.0944000000000001e+01   3.1094339472507123e-09   9.9999999689056562e-01   4.9999997565753990e-01
  1.1016000000000000e+01   2.7093353767093533e-09   9.9999999729066413e-01   4.9999997565752619e-01
  1.1087999999999999e+01   2.3607184808558163e-09   9.9999999763928105e-01   4.9999997565751286e-01
  1.1160000000000000e+01   2.0569589850292419e-09   9.9999999794304062e-01   4.9999997565750004e-01
  1.1231999999999999e+01   1.7922849763998229e-09   9.9999999820771457e-01   4.9999997565748766e-01
  1.1304000000000000e+01   1.5616672284617395e-09   9.9999999843833220e-01   4.9999997565747573e-01
  1.1375999999999999e+01   1.3607236377448088e-09   9.9999999863927580e-01   4.9999997565746412e-01
  1.1448000000000000e+01   1.1856359568908473e-09   9.9999999881436352e-01   4.9999997565745297e-01
  1.1520000000000000e+01   1.0330772418911343e-09   9.9999999896692227e-01   4.9999997565744220e-01
  1.1592000000000001e+01   9.0014863486739835e-10   9.9999999909985082e-01   4.9999997565743176e-01
  1.1664000000000000e+01   7.8432428116887060e-10   9.9999999921567517e-01   4.9999997565742171e-01
  1.1736000000000001e+01   6.8340333412284217e-10   9.9999999931659600e-01   4.9999997565741200e-01
  1.1808000000000000e+01   5.9546813545282108e-10   9.9999999940453121e-01   4.9999997565740262e-01
  1.1880000000000001e+01   5.1884777672585893e-10   9.9999999948115148e-01   4.9999997565739357e-01
  1.1952000000000000e+01   4.5208634943870808e-10   9.9999999954791285e-01   4.9999997565738485e-01
  1.2023999999999999e+01   3.9391528044404574e-10   9.9999999960608388e-01   4.9999997565737636e-01
  1.2096000000000000e+01   3.4322922704594354e-10   9.9999999965677000e-01   4.9999997565736826e-01
  1.2167999999999999e+01   2.9906507373312788e-10   9.9999999970093412e-01   4.9999997565736037e-01
  1.2240000000000000e+01   2.6058363145461472e-10   9.9999999973941556e-01   4.9999997565735277e-01
  1.2311999999999999e+01   2.2705369169489758e-10   9.9999999977294551e-01   4.9999997565734544e-01
  1.2384000000000000e+01   1.9783813235079734e-10   9.9999999980216103e-01   4.9999997565733834e-01
  1.2456000000000000e+01   1.7238181139957150e-10   9.9999999982761734e-01   4.9999997565733151e-01
  1.2528000000000000e+01   1.5020101831875150e-10   9.9999999984979815e-01   4.9999997565732490e-01
  1.2600000000000000e+01   1.3087428281793388e-10   9.9999999986912491e-01   4.9999997565731852e-01
  1.2672000000000001e+01   1.1403436623383291e-10   9.9999999988596489e-01   4.9999997565731236e-01
  1.2744000000000000e+01   9.9361283412382213e-11   9.9999999990063793e-01   4.9999997565730642e-01
  1.2816000000000001e+01   8.6576222482562723e-11   9.9999999991342292e-01   4.9999997565730064e-01
  1.2888000000000000e+01   7.5436246988003747e-11   9.9999999992456301e-01   4.9999997565729509e-01
  1.2960000000000001e+01   6.5729679708443131e-11   9.9999999993426947e-01   4.9999997565728976e-01
  1.3032000000000000e+01   5.7272080456323069e-11   9.9999999994272704e-01   4.9999997565728460e-01
  1.3103999999999999e+01   4.9902741420268422e-11   9.9999999995009647e-01   4.9999997565727961e-01
  1.3176000000000000e+01   4.3481633461407615e-11   9.9999999995651756e-01   4.9999997565727483e-01
  1.3247999999999999e+01   3.7886745337315897e-11   9.9999999996211253e-01   4.9999997565727017e-01
  1.3320000000000000e+01   3.3011765294609916e-11   9.9999999996698741e-01   4.9999997565726567e-01
  1.3391999999999999e+01   2.8764060976770566e-11   9.9999999997123512e-01   4.9999997565726134e-01
  1.3464000000000000e+01   2.5062919262234217e-11   9.9999999997493627e-01   4.9999997565725718e-01
  1.3536000000000000e+01   2.1838012586880359e-11   9.9999999997816114e-01   4.9999997565725313e-01
  1.3608000000000001e+01   1.9028062608606947e-11   9.9999999998097111e-01   4.9999997565724924e-01
  1.3680000000000000e+01   1.6579675821497794e-11   9.9999999998341949e-01   4.9999997565724547e-01
  1.3752000000000001e+01   1.4446328994401785e-11   9.9999999998555278e-01   4.9999997565724186e-01
  1.3824000000000000e+01   1.2587485155645384e-11   9.9999999998741174e-01   4.9999997565723836e-01
  1.3896000000000001e+01   1.0967823326183870e-11   9.9999999998903133e-01   4.9999997565723497e-01
  1.3968000000000000e+01   9.5565673648976759e-12   9.9999999999044265e-01   4.9999997565723170e-01
  1.4039999999999999e+01   8.3269011730284335e-12   9.9999999999167233e-01   4.9999997565722859e-01
  1.4112000000000000e+01   7.2554591457100961e-12   9.9999999999274380e-01   4.9999997565722554e-01
  1.4183999999999999e+01   6.3218821883648975e-12   9.9999999999367739e-01   4.9999997565722260e-01
  1.4256000000000000e+01   5.5084308615704193e-12   9.9999999999449085e-01   4.9999997565721976e-01
  1.4327999999999999e+01   4.7996483035357685e-12   9.9999999999519962e-01   4.9999997565721704e-01
  1.4400000000000000e+01   4.1820665251784911e-12   9.9999999999581712e-01   4.9999997565721438e-01
  1.4472000000000000e+01   3.6439504969421434e-12   9.9999999999635525e-01   4.9999997565721183e-01
  1.4544000000000000e+01   3.1750751645975712e-12   9.9999999999682410e-01   4.9999997565720938e-01
  1.4616000000000000e+01   2.7665311569739119e-12   9.9999999999723266e-01   4.9999997565720700e-01
  1.4688000000000001e+01   2.4105554937575874e-12   9.9999999999758871e-01   4.9999997565720472e-01
  1.4760000000000000e+01   2.1003840765385579e-12   9.9999999999789890e-01   4.9999997565720250e-01
  1.4832000000000001e+01   1.8301231601994048e-12   9.9999999999816924e-01   4.9999997565720039e-01
  1.4904000000000000e+01   1.5946373623994649e-12   9.9999999999840472e-01   4.9999997565719834e-01
  1.4976000000000001e+01   1.3894520831563273e-12   9.9999999999860989e-01   4.9999997565719634e-01
  1.5048000000000000e+01   1.2106684803417352e-12   9.9999999999878852e-01   4.9999997565719445e-01
  1.5119999999999999e+01   1.0548893854912507e-12   9.9999999999894440e-01   4.9999997565719256e-01
  1.5192000000000000e+01   9.1915475221038906e-13   9.9999999999908007e-01   4.9999997565719079e-01
  1.5263999999999999e+01   8.0088541059439580e-13   9.9999999999919842e-01   4.9999997565718907e-01
  1.5336000000000000e+01   6.9783405890629605e-13   9.9999999999930145e-01   4.9999997565718740e-01
  1.5407999999999999e+01   6.0804256127725102e-13   9.9999999999939115e-01   4.9999997565718579e-01
  1.5480000000000000e+01   5.2980474001769265e-13   9.9999999999946942e-01   4.9999997565718424e-01
  1.5552000000000000e+01   4.6163395553404507e-13   9.9999999999953759e-01   4.9999997565718274e-01
  1.5624000000000001e+01   4.0223485781794884e-13   9.9999999999959699e-01   4.9999997565718129e-01
  1.5696000000000000e+01   3.5047877274141069e-13   9.9999999999964873e-01   4.9999997565717991e-01
  1.5768000000000001e+01   3.0538225545838749e-13   9.9999999999969380e-01   4.9999997565717857e-01
  1.5840000000000000e+01   2.6608840339336469e-13   9.9999999999973310e-01   4.9999997565717730e-01
  1.5912000000000001e+01   2.3185057373402905e-13   9.9999999999976730e-01   4.9999997565717602e-01
  1.5984000000000000e+01   2.0201819603453048e-13   9.9999999999979716e-01   4.9999997565717486e-01
  1.6056000000000001e+01   1.7602441034625730e-13   9.9999999999982314e-01   4.9999997565717369e-01
  1.6128000000000000e+01   1.5337529598097458e-13   9.9999999999984579e-01   4.9999997565717252e-01
  1.6199999999999999e+01   1.3364048623571325e-13   9.9999999999986555e-01   4.9999997565717147e-01
  1.6271999999999998e+01   1.1644499074427495e-13   9.9999999999988276e-01   4.9999997565717041e-01
  1.6344000000000001e+01   1.0146207006704164e-13   9.9999999999989775e-01   4.9999997565716942e-01
  1.6416000000000000e+01   8.8407027124977161e-14   9.9999999999991085e-01   4.9999997565716842e-01
  1.6488000000000000e+01   7.7031797505205557e-14   9.9999999999992228e-01   4.9999997565716747e-01
  1.6559999999999999e+01   6.7120235845378521e-14   9.9999999999993217e-01   4.9999997565716658e-01
  1.6632000000000001e+01   5.8484008730648377e-14   9.9999999999994071e-01   4.9999997565716570e-01
  1.6704000000000001e+01   5.0959016061765504e-14   9.9999999999994837e-01   4.9999997565716486e-01
  1.6776000000000000e+01   4.4402272894609780e-14   9.9999999999995481e-01   4.9999997565716403e-01
  1.6847999999999999e+01   3.8689192501154981e-14   9.9999999999996059e-01   4.9999997565716325e-01
  1.6920000000000002e+01   3.3711219025709044e-14   9.9999999999996558e-01   4.9999997565716248e-01
  1.6992000000000001e+01   2.9373764753139551e-14   9.9999999999996991e-01   4.9999997565716175e-01
  1.7064000000000000e+01   2.5594412793904348e-14   9.9999999999997369e-01   4.9999997565716103e-01
  1.7135999999999999e+01   2.2301351034049187e-14   9.9999999999997702e-01   4.9999997565716037e-01
  1.7207999999999998e+01   1.9432007592735516e-14   9.9999999999997990e-01   4.9999997565715970e-01
  1.7280000000000001e+01   1.6931861858824483e-14   9.9999999999998246e-01   4.9999997565715903e-01
  1.7352000000000000e+01   1.4753408514325337e-14   9.9999999999998468e-01   4.9999997565715842e-01
  1.7423999999999999e+01   1.2855254859508528e-14   9.9999999999998657e-01   4.9999997565715787e-01
  1.7495999999999999e+01   1.1201334287427572e-14   9.9999999999998823e-01   4.9999997565715726e-01
  1.7568000000000001e+01   9.7602209626181210e-15   9.9999999999998979e-01   4.9999997565715676e-01
  1.7640000000000001e+01   8.5045326817810583e-15   9.9999999999999101e-01   4.9999997565715620e-01
  1.7712000000000000e+01   7.4104105698555788e-15   9.9999999999999201e-01   4.9999997565715570e-01
  1.7783999999999999e+01   6.4570657248819476e-15   9.9999999999999301e-01   4.9999997565715520e-01
  1.7856000000000002e+01   5.6263841971875134e-15   9.9999999999999378e-01   4.9999997565715470e-01
  1.7928000000000001e+01   4.9025827968737367e-15   9.9999999999999456e-01   4.9999997565715426e-01
  1.8000000000000000e+01   4.2719091894010548e-15   9.9999999999999523e-01   4.9999997565715382e-01
  1.8071999999999999e+01   3.7223805806121113e-15   9.9999999999999589e-01   4.9999997565715337e-01
  1.8143999999999998e+01   3.2435560257949542e-15   9.9999999999999634e-01   4.9999997565715298e-01
  1.8216000000000001e+01   2.8263380362975370e-15   9.9999999999999667e-01   4.9999997565715254e-01
  1.8288000000000000e+01   2.4627997139051508e-15   9.9999999999999711e-01   4.9999997565715215e-01
  1.8359999999999999e+01   2.1460341282602540e-15   9.9999999999999745e-01   4.9999997565715182e-01
  1.8431999999999999e+01   1.8700230752576568e-15   9.9999999999999756e-01   4.9999997565715143e-01
  1.8504000000000001e+01   1.6295227226166445e-15   9.9999999999999789e-01   4.9999997565715110e-01
  1.8576000000000001e+01   1.4199639697155687e-15   9.9999999999999811e-01   4.9999997565715076e-01
  1.8648000000000000e+01   1.2373656283681803e-15   9.9999999999999822e-01   4.9999997565715043e-01
  1.8719999999999999e+01   1.0782587748396077e-15   9.9999999999999833e-01   4.9999997565715010e-01
  1.8792000000000002e+01   9.3962083567085039e-16   9.9999999999999856e-01   4.9999997565714982e-01
  1.8864000000000001e+01   8.1881815483881254e-16   9.9999999999999878e-01   4.9999997565714954e-01
  1.8936000000000000e+01   7.1355595093731471e-16   9.9999999999999889e-01   4.9999997565714926e-01
  1.9007999999999999e+01   6.2183471348716360e-16   9.9999999999999900e-01   4.9999997565714899e-01
  1.9079999999999998e+01   5.4191220983636319e-16   9.9999999999999911e-01   4.9999997565714871e-01
  1.9152000000000001e+01   4.7227038072225108e-16   9.9999999999999922e-01   4.9999997565714849e-01
  1.9224000000000000e+01   4.1158649545953424e-16   9.9999999999999922e-01   4.9999997565714821e-01
  1.9295999999999999e+01   3.5870801865737158e-16   9.9999999999999933e-01   4.9999997565714799e-01
  1.9367999999999999e+01   3.1263071089430517e-16   9.9999999999999944e-01   4.9999997565714777e-01
  1.9440000000000001e+01   2.7247954722956322e-16   9.9999999999999956e-01   4.9999997565714754e-01
  1.9512000000000000e+01   2.3749209097305939e-16   9.9999999999999967e-01   4.9999997565714732e-01
  1.9584000000000000e+01   2.0700400678970341e-16   9.9999999999999956e-01   4.9999997565714716e-01
  1.9655999999999999e+01   1.8043643786494094e-16   9.9999999999999956e-01   4.9999997565714693e-01
  1.9728000000000002e+01   1.5728500727811823e-16   9.9999999999999956e-01   4.9999997565714677e-01
  1.9800000000000001e+01   1.3711023459288499e-16   9.9999999999999967e-01   4.9999997565714654e-01
  1.9872000000000000e+01   1.1952918556543572e-16   9.9999999999999956e-01   4.9999997565714638e-01
  1.9943999999999999e+01   1.0420819630210456e-16   9.9999999999999956e-01   4.9999997565714621e-01
  2.0015999999999998e+01   9.0856533614603163e-17   9.9999999999999956e-01   4.9999997565714605e-01
  2.0088000000000001e+01   7.9220871109903208e-17   9.9999999999999967e-01   4.9999997565714588e-01
  2.0160000000000000e+01   6.9080476052453100e-17   9.9999999999999967e-01   4.9999997565714577e-01
  2.0231999999999999e+01   6.0243015541821045e-17   9.9999999999999978e-01   4.9999997565714560e-01
  2.0303999999999998e+01   5.2540902317109006e-17   9.9999999999999967e-01   4.9999997565714543e-01
  2.0376000000000001e+01   4.5828110753007712e-17   9.9999999999999967e-01   4.9999997565714532e-01
  2.0448000000000000e+01   3.9977402547007812e-17   9.9999999999999978e-01   4.9999997565714516e-01
  2.0520000000000000e+01   3.4877909381695426e-17   9.9999999999999978e-01   4.9999997565714505e-01
  2.0591999999999999e+01   3.0433026629459481e-17   9.9999999999999989e-01   4.9999997565714493e-01
  2.0664000000000001e+01   2.6558578077058893e-17   9.9999999999999989e-01   4.9999997565714482e-01
  2.0736000000000001e+01   2.3181216797310998e-17   1.0000000000000000e+00   4.9999997565714471e-01
  2.0808000000000000e+01   2.0237031782351789e-17   1.0000000000000000e+00   4.9999997565714460e-01
  2.0879999999999999e+01   1.7670333862702475e-17   9.9999999999999989e-01   4.9999997565714449e-01
  2.0952000000000002e+01   1.5432597843038001e-17   9.9999999999999989e-01   4.9999997565714438e-01
  2.1024000000000001e+01   1.3481540753942069e-17   9.9999999999999978e-01   4.9999997565714427e-01
  2.1096000000000000e+01   1.1780318705336774e-17   9.9999999999999989e-01   4.9999997565714416e-01
  2.1167999999999999e+01   1.0296827080883298e-17   9.9999999999999978e-01   4.9999997565714410e-01
  2.1239999999999998e+01   9.0030907762574561e-18   9.9999999999999989e-01   4.9999997565714399e-01
  2.1312000000000001e+01   7.8747328952305583e-18   9.9999999999999989e-01   4.9999997565714394e-01
  2.1384000000000000e+01   6.8905118081744154e-18   9.9999999999999989e-01   4.9999997565714382e-01
  2.1456000000000000e+01   6.0319177768032761e-18   1.0000000000000000e+00   4.9999997565714377e-01
  2.1527999999999999e+01   5.2828214805517426e-18   1.0000000000000000e+00   4.9999997565714366e-01
  2.1600000000000001e+01   4.6291677664062067e-18   1.0000000000000000e+00   4.9999997565714360e-01
  2.1672000000000001e+01   4.0587088031952048e-18   1.0000000000000000e+00   4.9999997565714355e-01
  2.1744000000000000e+01   3.5607715701308604e-18   1.0000000000000000e+00   4.9999997565714344e-01
  2.1815999999999999e+01   3.1260552617736640e-18   1.0000000000000000e+00   4.9999997565714338e-01
  2.1888000000000002e+01   2.7464547600444304e-18   1.0000000000000000e+00   4.9999997565714333e-01
  2.1960000000000001e+01   2.4149068192235678e-18   1.0000000000000000e+00   4.9999997565714327e-01
  2.2032000000000000e+01   2.1252560414225766e-18   1.0000000000000000e+00   4.9999997565714321e-01
  2.2103999999999999e+01   1.8721380961115966e-18   1.0000000000000000e+00   4.9999997565714316e-01
  2.2175999999999998e+01   1.6508779649023328e-18   1.0000000000000000e+00   4.9999997565714310e-01
  2.2248000000000001e+01   1.4574012782681428e-18   1.0000000000000000e+00   4.9999997565714305e-01
  2.2320000000000000e+01   1.2881570596850620e-18   1.0000000000000000e+00   4.9999997565714299e-01
  2.2391999999999999e+01   1.1400504094139244e-18   1.0000000000000000e+00   4.9999997565714294e-01
  2.2463999999999999e+01   1.0103838489859909e-18   1.0000000000000000e+00   4.9999997565714288e-01
  2.2536000000000001e+01   8.9680621203928153e-19   9.9999999999999989e-01   4.9999997565714283e-01
  2.2608000000000001e+01   7.9726811054247912e-19   1.0000000000000000e+00   4.9999997565714277e-01
  2.2680000000000000e+01   7.0998313035623615e-19   1.0000000000000000e+00   4.9999997565714277e-01
  2.2751999999999999e+01   6.3339401894610460e-19   1.0000000000000000e+00   4.9999997565714271e-01
  2.2824000000000002e+01   5.6614322295022735e-19   9.9999999999999989e-01   4.9999997565714266e-01
  2.2896000000000001e+01   5.0704721590182414e-19   9.9999999999999989e-01   4.9999997565714260e-01
  2.2968000000000000e+01   4.5507412846579231e-19   1.0000000000000000e+00   4.9999997565714260e-01
  2.3039999999999999e+01   4.0932425625214091e-19   1.0000000000000000e+00   4.9999997565714255e-01
  2.3111999999999998e+01   3.6901307498436901e-19   1.0000000000000000e+00   4.9999997565714249e-01
  2.3184000000000001e+01   3.3345644042443197e-19   1.0000000000000000e+00   4.9999997565714249e-01
  2.3256000000000000e+01   3.0205769193818987e-19   1.0000000000000000e+00   4.9999997565714244e-01
  2.3327999999999999e+01   2.7429641481209214e-19   1.0000000000000000e+00   4.9999997565714244e-01
  2.3399999999999999e+01   2.4971864787584754e-19   9.9999999999999989e-01   4.9999997565714238e-01
  2.3472000000000001e+01   2.2792835050681950e-19   1.0000000000000000e+00   4.9999997565714238e-01
  2.3544000000000000e+01   2.0857996698175027e-19   1.0000000000000000e+00   4.9999997565714233e-01
  2.3616000000000000e+01   1.9137194699101100e-19   1.0000000000000002e+00   4.9999997565714233e-01
  2.3687999999999999e+01   1.7604109932012989e-19   1.0000000000000002e+00   4.9999997565714227e-01
  2.3760000000000002e+01   1.6235767149713431e-19   1.0000000000000002e+00   4.9999997565714227e-01
  2.3832000000000001e+01   1.5012106202114207e-19   1.0000000000000002e+00   4.9999997565714221e-01
  2.3904000000000000e+01   1.3915608379015518e-19   1.0000000000000000e+00   4.9999997565714221e-01
  2.3975999999999999e+01   1.2930970783628211e-19   1.0000000000000000e+00   4.9999997565714221e-01
  2.4047999999999998e+01   1.2044822555088143e-19   9.9999999999999989e-01   4.9999997565714216e-01
  2.4120000000000001e+01   1.1245477560799049e-19   9.9999999999999978e-01   4.9999997565714216e-01
  2.4192000000000000e+01   1.0522718864408226e-19   9.9999999999999989e-01   4.9999997565714216e-01
  2.4263999999999999e+01   9.8676108839832688e-20   1.0000000000000000e+00   4.9999997565714210e-01
  2.4335999999999999e+01   9.2723356784462378e-20   1.0000000000000000e+00   4.9999997565714210e-01
  2.4408000000000001e+01   8.7300502586497777e-20   1.0000000000000000e+00   4.9999997565714210e-01
  2.4480000000000000e+01   8.2347622202999668e-20   1.0000000000000002e+00   4.9999997565714205e-01
  2.4552000000000000e+01   7.7812213409389752e-20   1.0000000000000002e+00   4.9999997565714205e-01
  2.4623999999999999e+01   7.3648250900280648e-20   1.0000000000000002e+00   4.9999997565714205e-01
  2.4696000000000002e+01   6.9815362614561206e-20   1.0000000000000000e+00   4.9999997565714205e-01
  2.4768000000000001e+01   6.6278111710256270e-20   1.0000000000000000e+00   4.9999997565714199e-01
  2.4840000000000000e+01   6.3005370601031800e-20   1.0000000000000000e+00   4.9999997565714199e-01
  2.4911999999999999e+01   5.9969775220642923e-20   1.0000000000000000e+00   4.9999997565714199e-01
  2.4984000000000002e+01   5.7147249206096157e-20   9.9999999999999989e-01   4.9999997565714199e-01
  2.5056000000000001e+01   5.4516589008878086e-20   9.9999999999999978e-01   4.9999997565714199e-01
  2.5128000000000000e+01   5.2059102107567008e-20   9.9999999999999967e-01   4.9999997565714199e-01
  2.5199999999999999e+01   4.9758291499758447e-20   9.9999999999999978e-01   4.9999997565714194e-01
  2.5271999999999998e+01   4.7599580525293307e-20   9.9999999999999989e-01   4.9999997565714194e-01
  2.5344000000000001e+01   4.5570072840339104e-20   1.0000000000000000e+00   4.9999997565714194e-01
  2.5416000000000000e+01   4.3658343033589762e-20   1.0000000000000000e+00   4.9999997565714194e-01
  2.5488000000000000e+01   4.1854253943040479e-20   1.0000000000000000e+00   4.9999997565714194e-01
  2.5559999999999999e+01   4.0148797250075742e-20   1.0000000000000002e+00   4.9999997565714194e-01
  2.5632000000000001e+01   3.8533954363454266e-20   1.0000000000000002e+00   4.9999997565714194e-01
  2.5704000000000001e+01   3.7002574990344283e-20   1.0000000000000002e+00   4.9999997565714194e-01
  2.5776000000000000e+01   3.5548271123870284e-20   1.0000000000000002e+00   4.9999997565714194e-01
  2.5847999999999999e+01   3.4165324472849592e-20   1.0000000000000002e+00   4.9999997565714194e-01
  2.5920000000000002e+01   3.2848605610649324e-20   1.0000000000000002e+00   4.9999997565714194e-01
  2.5992000000000001e+01   3.1593503339594864e-20   1.0000000000000002e+00   4.9999997565714194e-01
  2.6064000000000000e+01   3.0395862968914913e-20   1.0000000000000002e+00   4.9999997565714194e-01
  2.6135999999999999e+01   2.9251932356261141e-20   1.0000000000000002e+00   4.9999997565714194e-01
  2.6207999999999998e+01   2.8158314730670616e-20   1.0000000000000002e+00   4.9999997565714194e-01
  2.6280000000000001e+01   2.7111927420940960e-20   1.0000000000000002e+00   4.9999997565714199e-01
  2.6352000000000000e+01   2.6109965739408744e-20   1.0000000000000002e+00   4.9999997565714199e-01
  2.6423999999999999e+01   2.5149871364009972e-20   1.0000000000000002e+00   4.9999997565714199e-01
  2.6495999999999999e+01   2.4229304642556995e-20   1.0000000000000000e+00   4.9999997565714199e-01
  2.6568000000000001e+01   2.3346120321855036e-20   1.0000000000000000e+00   4.9999997565714205e-01
  2.6640000000000001e+01   2.2498346263643322e-20   1.0000000000000000e+00   4.9999997565714205e-01
  2.6712000000000000e+01   2.1684164769102019e-20   9.9999999999999989e-01   4.9999997565714205e-01
  2.6783999999999999e+01   2.0901896181983878e-20   9.9999999999999978e-01   4.9999997565714210e-01
  2.6856000000000002e+01   2.0149984477308796e-20   9.9999999999999978e-01   4.9999997565714210e-01
  2.6928000000000001e+01   1.9426984590877164e-20   9.9999999999999967e-01   4.9999997565714210e-01
  2.7000000000000000e+01   1.8731551262804521e-20   9.9999999999999956e-01   4.9999997565714216e-01
  2.7071999999999999e+01   1.8062429209300751e-20   9.9999999999999944e-01   4.9999997565714216e-01
  2.7143999999999998e+01   1.7418444453877590e-20   9.9999999999999933e-01   4.9999997565714221e-01
  2.7216000000000001e+01   1.6798496670566076e-20   9.9999999999999922e-01   4.9999997565714227e-01
  2.7288000000000000e+01   1.6201552416081631e-20   9.9999999999999922e-01   4.9999997565714227e-01
  2.7359999999999999e+01   1.5626639137143580e-20   9.9999999999999911e-01   4.9999997565714233e-01
  2.7431999999999999e+01   1.5072839858483035e-20   9.9999999999999922e-01   4.9999997565714238e-01
  2.7504000000000001e+01   1.4539288464665821e-20   9.9999999999999922e-01   4.9999997565714244e-01
  2.7576000000000001e+01   1.4025165505127395e-20   9.9999999999999933e-01   4.9999997565714249e-01
  2.7648000000000000e+01   1.3529694456648485e-20   9.9999999999999944e-01   4.9999997565714255e-01
  2.7719999999999999e+01   1.3052138387065109e-20   9.9999999999999956e-01   4.9999997565714260e-01
  2.7792000000000002e+01   1.2591796972289669e-20   9.9999999999999967e-01   4.9999997565714266e-01
  2.7864000000000001e+01   1.2148003822762730e-20   9.9999999999999978e-01   4.9999997565714277e-01
  2.7936000000000000e+01   1.1720124083047902e-20   9.9999999999999989e-01   4.9999997565714283e-01
  2.8007999999999999e+01   1.1307552271536245e-20   9.9999999999999989e-01   4.9999997565714294e-01
  2.8079999999999998e+01   1.0909710331664012e-20   1.0000000000000000e+00   4.9999997565714299e-01
  2.8152000000000001e+01   1.0526045870090423e-20   1.0000000000000000e+00   4.9999997565714310e-01
  2.8224000000000000e+01   1.0156030558859906e-20   1.0000000000000002e+00   4.9999997565714321e-01
  2.8295999999999999e+01   9.7991586851799257e-21   1.0000000000000002e+00   4.9999997565714333e-01
  2.8367999999999999e+01   9.4549458285012474e-21   1.0000000000000002e+00   4.9999997565714344e-01
  2.8440000000000001e+01   9.1229276532649294e-21   1.0000000000000004e+00   4.9999997565714360e-01
  2.8512000000000000e+01   8.8026588034123712e-21   1.0000000000000004e+00   4.9999997565714371e-01
  2.8584000000000000e+01   8.4937118869734178e-21   1.0000000000000004e+00   4.9999997565714388e-01
  2.8655999999999999e+01   8.1956765412661862e-21   1.0000000000000004e+00   4.9999997565714405e-01
  2.8728000000000002e+01   7.9081585712637423e-21   1.0000000000000007e+00   4.9999997565714421e-01
  2.8800000000000001e+01   7.6307791508724343e-21   1.0000000000000007e+00   4.9999997565714438e-01
  2.8872000000000000e+01   7.3631740833747936e-21   1.0000000000000007e+00   4.9999997565714460e-01
  2.8943999999999999e+01   7.1049931128525728e-21   1.0000000000000007e+00   4.9999997565714482e-01
  2.9015999999999998e+01   6.8558992828428293e-21   1.0000000000000009e+00   4.9999997565714505e-01
  2.9088000000000001e+01   6.6155683372966753e-21   1.0000000000000009e+00   4.9999997565714532e-01
  2.9160000000000000e+01   6.3836881591075291e-21   1.0000000000000009e+00   4.9999997565714560e-01
  2.9231999999999999e+01   6.1599582444339287e-21   1.0000000000000009e+00   4.9999997565714588e-01
  2.9303999999999998e+01   5.9440892070483650e-21   1.0000000000000009e+00   4.9999997565714621e-01
  2.9376000000000001e+01   5.7358023126628278e-21   1.0000000000000011e+00   4.9999997565714654e-01
  2.9448000000000000e+01   5.5348290386951178e-21   1.0000000000000011e+00   4.9999997565714693e-01
  2.9520000000000000e+01   5.3409106585391488e-21   1.0000000000000011e+00   4.9999997565714732e-01
  2.9591999999999999e+01   5.1537978475782300e-21   1.0000000000000011e+00   4.9999997565714771e-01
  2.9664000000000001e+01   4.9732503096594267e-21   1.0000000000000011e+00   4.9999997565714815e-01
  2.9736000000000001e+01   4.7990364226977992e-21   1.0000000000000011e+00   4.9999997565714865e-01
  2.9808000000000000e+01   4.6309329011918465e-21   1.0000000000000013e+00   4.9999997565714921e-01
  2.9879999999999999e+01   4.4687244750092065e-21   1.0000000000000013e+00   4.9999997565714976e-01
  2.9952000000000002e+01   4.3122035832593211e-21   1.0000000000000013e+00   4.9999997565715032e-01
  3.0024000000000001e+01   4.1611700823409452e-21   1.0000000000000013e+00   4.9999997565715099e-01
  3.0096000000000000e+01   4.0154309667100387e-21   1.0000000000000013e+00   4.9999997565715171e-01
  3.0167999999999999e+01   3.8748001022447800e-21   1.0000000000000013e+00   4.9999997565715243e-01
  3.0239999999999998e+01   3.7390979708765001e-21   1.0000000000000013e+00   4.9999997565715321e-01
  3.0312000000000001e+01   3.6081514263879288e-21   1.0000000000000016e+00   4.9999997565715409e-01
  3.0384000000000000e+01   3.4817934599242901e-21   1.0000000000000016e+00   4.9999997565715504e-01
  3.0456000000000000e+01   3.3598629756363311e-21   1.0000000000000016e+00   4.9999997565715598e-01
  3.0527999999999999e+01   3.2422045750747750e-21   1.0000000000000016e+00   4.9999997565715709e-01
  3.0600000000000001e+01   3.1286683504101571e-21   1.0000000000000016e+00   4.9999997565715820e-01
  3.0672000000000001e+01   3.0191096859356990e-21   1.0000000000000016e+00   4.9999997565715942e-01
  3.0744000000000000e+01   2.9133890669657546e-21   1.0000000000000016e+00   4.9999997565716076e-01
  3.0815999999999999e+01   2.8113718966475165e-21   1.0000000000000016e+00   4.9999997565716220e-01
  3.0888000000000002e+01   2.7129283192808255e-21   1.0000000000000016e+00   4.9999997565716370e-01
  3.0960000000000001e+01   2.6179330509349427e-21   1.0000000000000016e+00   4.9999997565716536e-01
  3.1032000000000000e+01   2.5262652160064311e-21   1.0000000000000016e+00   4.9999997565716708e-01
  3.1103999999999999e+01   2.4378081901372275e-21   1.0000000000000018e+00   4.9999997565716897e-01
  3.1175999999999998e+01   2.3524494489012602e-21   1.0000000000000018e+00   4.9999997565717103e-01
  3.1248000000000001e+01   2.2700804223089161e-21   1.0000000000000018e+00   4.9999997565717319e-01
  3.1320000000000000e+01   2.1905963543651472e-21   1.0000000000000018e+00   4.9999997565717552e-01
  3.1391999999999999e+01   2.1138961679647150e-21   1.0000000000000018e+00   4.9999997565717802e-01
  3.1463999999999999e+01   2.0398823347794446e-21   1.0000000000000018e+00   4.9999997565718068e-01
  3.1536000000000001e+01   1.9684607497553856e-21   1.0000000000000018e+00   4.9999997565718363e-01
  3.1608000000000001e+01   1.8995406102198776e-21   1.0000000000000018e+00   4.9999997565718673e-01
  3.1680000000000000e+01   1.8330342993396782e-21   1.0000000000000018e+00   4.9999997565719007e-01
  3.1751999999999999e+01   1.7688572737822392e-21   1.0000000000000018e+00   4.9999997565719362e-01
  3.1824000000000002e+01   1.7069279554691994e-21   1.0000000000000018e+00   4.9999997565719745e-01
  3.1896000000000001e+01   1.6471676271385963e-21   1.0000000000000018e+00   4.9999997565720161e-01
  3.1968000000000000e+01   1.5895003316048636e-21   1.0000000000000018e+00   4.9999997565720605e-01
  3.2039999999999999e+01   1.5338527747905690e-21   1.0000000000000018e+00   4.9999997565721083e-01
  3.2112000000000002e+01   1.4801542320738343e-21   1.0000000000000018e+00   4.9999997565721593e-01
  3.2183999999999997e+01   1.4283364578898055e-21   1.0000000000000018e+00   4.9999997565722143e-01
  3.2256000000000000e+01   1.3783335987833901e-21   1.0000000000000020e+00   4.9999997565722731e-01
  3.2328000000000003e+01   1.3300821093339412e-21   1.0000000000000020e+00   4.9999997565723364e-01
  3.2399999999999999e+01   1.2835206711614287e-21   1.0000000000000020e+00   4.9999997565724047e-01
  3.2472000000000001e+01   1.2385901147675805e-21   1.0000000000000020e+00   4.9999997565724780e-01
  3.2543999999999997e+01   1.1952333441133839e-21   1.0000000000000020e+00   4.9999997565725562e-01
  3.2616000000000000e+01   1.1533952639576010e-21   1.0000000000000020e+00   4.9999997565726406e-01
  3.2688000000000002e+01   1.1130227096358220e-21   1.0000000000000020e+00   4.9999997565727311e-01
  3.2759999999999998e+01   1.0740643793909906e-21   1.0000000000000020e+00   4.9999997565728282e-01
  3.2832000000000001e+01   1.0364707690766757e-21   1.0000000000000020e+00   4.9999997565729332e-01
  3.2904000000000003e+01   1.0001941091468058e-21   1.0000000000000020e+00   4.9999997565730453e-01
  3.2975999999999999e+01   9.6518830388256484e-22   1.0000000000000020e+00   4.9999997565731658e-01
  3.3048000000000002e+01   9.3140887272702558e-22   1.0000000000000020e+00   4.9999997565732951e-01
  3.3119999999999997e+01   8.9881289374600893e-22   1.0000000000000020e+00   4.9999997565734344e-01
  3.3192000000000000e+01   8.6735894898097763e-22   1.0000000000000020e+00   4.9999997565735838e-01
  3.3264000000000003e+01   8.3700707177408181e-22   1.0000000000000020e+00   4.9999997565737442e-01
  3.3335999999999999e+01   8.0771869601605312e-22   1.0000000000000020e+00   4.9999997565739163e-01
  3.3408000000000001e+01   7.7945660702112442e-22   1.0000000000000020e+00   4.9999997565741017e-01
  3.3479999999999997e+01   7.5218489425700528e-22   1.0000000000000020e+00   4.9999997565743004e-01
  3.3552000000000000e+01   7.2586890568955702e-22   1.0000000000000020e+00   4.9999997565745136e-01
  3.3624000000000002e+01   7.0047520370518971e-22   1.0000000000000020e+00   4.9999997565747434e-01
  3.3695999999999998e+01   6.7597152262946976e-22   1.0000000000000020e+00   4.9999997565749899e-01
  3.3768000000000001e+01   6.5232672766937503e-22   1.0000000000000020e+00   4.9999997565752546e-01
  3.3840000000000003e+01   6.2951077540245682e-22   1.0000000000000020e+00   4.9999997565755389e-01
  3.3911999999999999e+01   6.0749467554173788e-22   1.0000000000000020e+00   4.9999997565758447e-01
  3.3984000000000002e+01   5.8625045409960592e-22   1.0000000000000020e+00   4.9999997565761733e-01
  3.4055999999999997e+01   5.6575111782128014e-22   1.0000000000000020e+00   4.9999997565765258e-01
  3.4128000000000000e+01   5.4597061990633969e-22   1.0000000000000020e+00   4.9999997565769050e-01
  3.4200000000000003e+01   5.2688382686732122e-22   1.0000000000000020e+00   4.9999997565773124e-01
  3.4271999999999998e+01   5.0846648661783006e-22   1.0000000000000020e+00   4.9999997565777504e-01
  3.4344000000000001e+01   4.9069519762376473e-22   1.0000000000000020e+00   4.9999997565782206e-01
  3.4415999999999997e+01   4.7354737916387711e-22   1.0000000000000020e+00   4.9999997565787263e-01
  3.4488000000000000e+01   4.5700124263495705e-22   1.0000000000000020e+00   4.9999997565792698e-01
  3.4560000000000002e+01   4.4103576386158195e-22   1.0000000000000020e+00   4.9999997565798537e-01
  3.4631999999999998e+01   4.2563065635496470e-22   1.0000000000000020e+00   4.9999997565804816e-01
  3.4704000000000001e+01   4.1076634555171476e-22   1.0000000000000020e+00   4.9999997565811560e-01
  3.4776000000000003e+01   3.9642394389384535e-22   1.0000000000000020e+00   4.9999997565818816e-01
  3.4847999999999999e+01   3.8258522685479761e-22   1.0000000000000020e+00   4.9999997565826620e-01
  3.4920000000000002e+01   3.6923260975432545e-22   1.0000000000000020e+00   4.9999997565835003e-01
  3.4991999999999997e+01   3.5634912537764894e-22   1.0000000000000020e+00   4.9999997565844023e-01
  3.5064000000000000e+01   3.4391840244201672e-22   1.0000000000000020e+00   4.9999997565853721e-01
  3.5136000000000003e+01   3.3192464473503289e-22   1.0000000000000020e+00   4.9999997565864152e-01
  3.5207999999999998e+01   3.2035261105108921e-22   1.0000000000000020e+00   4.9999997565875376e-01
  3.5280000000000001e+01   3.0918759578107272e-22   1.0000000000000020e+00   4.9999997565887450e-01
  3.5351999999999997e+01   2.9841541020773416e-22   1.0000000000000022e+00   4.9999997565900439e-01
  3.5423999999999999e+01   2.8802236446049474e-22   1.0000000000000022e+00   4.9999997565914417e-01
  3.5496000000000002e+01   2.7799525006189861e-22   1.0000000000000022e+00   4.9999997565929460e-01
  3.5567999999999998e+01   2.6832132312117782e-22   1.0000000000000022e+00   4.9999997565945659e-01
  3.5640000000000001e+01   2.5898828808710727e-22   1.0000000000000022e+00   4.9999997565963095e-01
  3.5712000000000003e+01   2.4998428208788318e-22   1.0000000000000022e+00   4.9999997565981869e-01
  3.5783999999999999e+01   2.4129785979023221e-22   1.0000000000000022e+00   4.9999997566002097e-01
  3.5856000000000002e+01   2.3291797880240326e-22   1.0000000000000022e+00   4.9999997566023885e-01
  3.5927999999999997e+01   2.2483398556711577e-22   1.0000000000000022e+00   4.9999997566047366e-01
  3.6000000000000000e+01   2.0841006743388641e-22   1.0000000000000022e+00   2.5000000000000006e-01