  0.0000000000000000e+00   9.9999987058212414e-01   1.2941787590933659e-07   4.9999999207404527e-01
  7.1999999999999995e-02   9.6376578334304297e-01   3.6234216656957037e-02   4.9999999783107940e-01
  1.4399999999999999e-01   9.2712868014335892e-01   7.2871319856641123e-02   4.9999999751267660e-01
  2.1600000000000000e-01   8.9022136051313761e-01   1.0977863948686245e-01   4.9999999717482252e-01
  2.8799999999999998e-01   8.5318062011869711e-01   1.4681937988130295e-01   4.9999999681714052e-01
  3.5999999999999999e-01   8.1614524401556210e-01   1.8385475598443801e-01   4.9999999643938003e-01
  4.3200000000000000e-01   7.7925393706778123e-01   2.2074606293221893e-01   4.9999999604143619e-01
  5.0400000000000000e-01   7.4264325690006616e-01   2.5735674309993395e-01   4.9999999562336922e-01
  5.7599999999999996e-01   7.0644561439649134e-01   2.9355438560350866e-01   4.9999999518542226e-01
  6.4800000000000002e-01   6.7078740314272034e-01   3.2921259685727977e-01   4.9999999472803752e-01
  7.1999999999999997e-01   6.3578731240453779e-01   3.6421268759546221e-01   4.9999999425186931e-01
  7.9200000000000004e-01   6.0155486878557052e-01   3.9844513121442948e-01   4.9999999375779342e-01
  8.6399999999999999e-01   5.6818924034148210e-01   4.3181075965851795e-01   4.9999999324691163e-01
  9.3600000000000005e-01   5.3577832448660090e-01   4.6422167551339916e-01   4.9999999272055096e-01
  1.0080000000000000e+00   5.0439812837631648e-01   4.9560187162368352e-01   4.9999999218025643e-01
  1.0800000000000001e+00   4.7411243839252371e-01   5.2588756160747629e-01   4.9999999162777770e-01
  1.1519999999999999e+00   4.4497276458394980e-01   5.5502723541605015e-01   4.9999999106504939e-01
  1.2240000000000000e+00   4.1701853693204921e-01   5.8298146306795073e-01   4.9999999049416477e-01
  1.2960000000000000e+00   3.9027752344641625e-01   6.0972247655358369e-01   4.9999998991734440e-01
  1.3680000000000001e+00   3.6476643546769305e-01   6.3523356453230695e-01   4.9999998933689993e-01
  1.4399999999999999e+00   3.4049168312212919e-01   6.5950831687787081e-01   4.9999998875519464e-01
  1.5120000000000000e+00   3.1745024343942674e-01   6.8254975656057326e-01   4.9999998817460212e-01
  1.5840000000000001e+00   2.9563060492136178e-01   7.0436939507863827e-01   4.9999998759746417e-01
  1.6559999999999999e+00   2.7501375497985542e-01   7.2498624502014453e-01   4.9999998702605031e-01
  1.7280000000000000e+00   2.5557418027533402e-01   7.4442581972466593e-01   4.9999998646251981e-01
  1.8000000000000000e+00   2.3728085421613965e-01   7.6271914578386024e-01   4.9999998590888795e-01
  1.8720000000000001e+00   2.2009819039956977e-01   7.7990180960043021e-01   4.9999998536699786e-01
  1.9440000000000000e+00   2.0398694530796108e-01   7.9601305469203887e-01   4.9999998483849883e-01
  2.0160000000000000e+00   1.8890505790088910e-01   8.1109494209911082e-01   4.9999998432483145e-01
  2.0880000000000001e+00   1.7480841770859343e-01   8.2519158229140654e-01   4.9999998382722038e-01
  2.1600000000000001e+00   1.6165155652959542e-01   8.3834844347040449e-01   4.9999998334667362e-01
  2.2320000000000002e+00   1.4938826181335801e-01   8.5061173818664193e-01   4.9999998288398795e-01
  2.3039999999999998e+00   1.3797211225284739e-01   8.6202788774715255e-01   4.9999998243975952e-01
  2.3759999999999999e+00   1.2735693803866566e-01   8.7264306196133434e-01   4.9999998201439771e-01
  2.4480000000000000e+00   1.1749720967433418e-01   8.8250279032566581e-01   4.9999998160814152e-01
  2.5200000000000000e+00   1.0834836027334814e-01   8.9165163972665173e-01   4.9999998122107675e-01
  2.5920000000000001e+00   9.9867046911950294e-02   9.0013295308804964e-01   4.9999998085315295e-01
  2.6640000000000001e+00   9.2011356958306895e-02   9.0798864304169302e-01   4.9999998050419980e-01
  2.7360000000000002e+00   8.4740965398193965e-02   9.1525903460180591e-01   4.9999998017394237e-01
  2.8079999999999998e+00   7.8017249084283105e-02   9.2198275091571680e-01   4.9999997986201478e-01
  2.8799999999999999e+00   7.1803363599542730e-02   9.2819663640045713e-01   4.9999997956797299e-01
  2.9520000000000000e+00   6.6064288087308035e-02   9.3393571191269187e-01   4.9999997929130652e-01
  3.0240000000000000e+00   6.0766842996505768e-02   9.3923315700349408e-01   4.9999997903144916e-01
  3.0960000000000001e+00   5.5879685249040072e-02   9.4412031475095981e-01   4.9999997878778940e-01
  3.1680000000000001e+00   5.1373284880083789e-02   9.4862671511991614e-01   4.9999997855967998e-01
  3.2400000000000002e+00   4.7219886748257098e-02   9.5278011325174283e-01   4.9999997834644699e-01
  3.3119999999999998e+00   4.3393460474093599e-02   9.5660653952590624e-01   4.9999997814739860e-01
  3.3839999999999999e+00   3.9869641350643491e-02   9.6013035864935636e-01   4.9999997796183304e-01
  3.4560000000000000e+00   3.6625664585271639e-02   9.6337433541472828e-01   4.9999997778904576e-01
  3.5280000000000000e+00   3.3640294879934120e-02   9.6635970512006575e-01   4.9999997762833587e-01
  3.6000000000000001e+00   3.0893753039810366e-02   9.6910624696018965e-01   4.9999997747901215e-01
  3.6720000000000002e+00   2.8367641017057663e-02   9.7163235898294231e-01   4.9999997734039769e-01
  3.7440000000000002e+00   2.6044866546542186e-02   9.7395513345345786e-01   4.9999997721183392e-01
  3.8159999999999998e+00   2.3909568311887498e-02   9.7609043168811249e-01   4.9999997709268412e-01
  3.8879999999999999e+00   2.1947042390823710e-02   9.7805295760917632e-01   4.9999997698233573e-01
  3.9600000000000000e+00   2.0143670566128504e-02   9.7985632943387146e-01   4.9999997688020220e-01
  4.0320000000000000e+00   1.8486850949837819e-02   9.8151314905016218e-01   4.9999997678572461e-01
  4.1040000000000001e+00   1.6964931251295515e-02   9.8303506874870450e-01   4.9999997669837198e-01
  4.1760000000000002e+00   1.5567144921522447e-02   9.8443285507847755e-01   4.9999997661764195e-01
  4.2480000000000002e+00   1.4283550324972734e-02   9.8571644967502725e-01   4.9999997654306055e-01
  4.3200000000000003e+00   1.3104973022837125e-02   9.8689502697716291e-01   4.9999997647418187e-01
  4.3920000000000003e+00   1.2022951197668063e-02   9.8797704880233195e-01   4.9999997641058747e-01
  4.4640000000000004e+00   1.1029684205450549e-02   9.8897031579454953e-01   4.9999997635188553e-01
  4.5359999999999996e+00   1.0117984206732086e-02   9.8988201579326807e-01   4.9999997629770998e-01
  4.6079999999999997e+00   9.2812308016423876e-03   9.9071876919835777e-01   4.9999997624771936e-01
  4.6799999999999997e+00   8.5133285733416039e-03   9.9148667142665858e-01   4.9999997620159581e-01
  4.7519999999999998e+00   7.8086674295560600e-03   9.9219133257044412e-01   4.9999997615904368e-01
  4.8239999999999998e+00   7.1620856214598093e-03   9.9283791437854041e-01   4.9999997611978853e-01
  4.8959999999999999e+00   6.5688353124366021e-03   9.9343116468756365e-01   4.9999997608357583e-01
  4.9680000000000000e+00   6.0245505655239307e-03   9.9397544943447624e-01   4.9999997605016977e-01
  5.0400000000000000e+00   5.5252176170157187e-03   9.9447478238298437e-01   4.9999997601935214e-01
  5.1120000000000001e+00   5.0671473042898296e-03   9.9493285269571030e-01   4.9999997599092105e-01
  5.1840000000000002e+00   4.6469495180165394e-03   9.9535305048198353e-01   4.9999997596469009e-01
  5.2560000000000002e+00   4.2615095521479482e-03   9.9573849044785212e-01   4.9999997594048690e-01
  5.3280000000000003e+00   3.9079662291980335e-03   9.9609203377080202e-01   4.9999997591815265e-01
  5.4000000000000004e+00   3.5836916830610916e-03   9.9641630831693906e-01   4.9999997589754064e-01
  5.4720000000000004e+00   3.2862726867875073e-03   9.9671372731321262e-01   4.9999997587851569e-01
  5.5439999999999996e+00   3.0134934181817179e-03   9.9698650658181842e-01   4.9999997586095318e-01
  5.6159999999999997e+00   2.7633195616796986e-03   9.9723668043832048e-01   4.9999997584473832e-01
  5.6879999999999997e+00   2.5338836506002792e-03   9.9746611634939986e-01   4.9999997582976535e-01
  5.7599999999999998e+00   2.3234715594654056e-03   9.9767652844053478e-01   4.9999997581593680e-01
  5.8319999999999999e+00   2.1305100615865262e-03   9.9786948993841362e-01   4.9999997580316308e-01
  5.9039999999999999e+00   1.9535553724699174e-03   9.9804644462753023e-01   4.9999997579136157e-01
  5.9760000000000000e+00   1.7912826047675272e-03   9.9820871739523265e-01   4.9999997578045619e-01
  6.0480000000000000e+00   1.6424760654665553e-03   9.9835752393453370e-01   4.9999997577037708e-01
  6.1200000000000001e+00   1.5060203307532686e-03   9.9849397966924691e-01   4.9999997576105976e-01
  6.1920000000000002e+00   1.3808920384941058e-03   9.9861910796150599e-01   4.9999997575244504e-01
  6.2640000000000002e+00   1.2661523425446480e-03   9.9873384765745543e-01   4.9999997574447824e-01
  6.3360000000000003e+00   1.1609399771236139e-03   9.9883906002287648e-01   4.9999997573710919e-01
  6.4080000000000004e+00   1.0644648832769720e-03   9.9893553511672306e-01   4.9999997573029165e-01
  6.4800000000000004e+00   9.7600235301137166e-04   9.9902399764698857e-01   4.9999997572398308e-01
  6.5519999999999996e+00   8.9488765000318260e-04   9.9910511234999677e-01   4.9999997571814425e-01
  6.6239999999999997e+00   8.2051106889761657e-04   9.9917948893110231e-01   4.9999997571273908e-01
  6.6959999999999997e+00   7.5231339811086047e-04   9.9924768660188901e-01   4.9999997570773436e-01
  6.7679999999999998e+00   6.8978175374665134e-04   9.9931021824625321e-01   4.9999997570309951e-01
  6.8399999999999999e+00   6.3244575474745619e-04   9.9936755424525248e-01   4.9999997569880628e-01
  6.9119999999999999e+00   5.7987401172970745e-04   9.9942012598827024e-01   4.9999997569482868e-01
  6.9840000000000000e+00   5.3167090411271388e-04   9.9946832909588734e-01   4.9999997569114285e-01
  7.0560000000000000e+00   4.8747362215211735e-04   9.9951252637784793e-01   4.9999997568772669e-01
  7.1280000000000001e+00   4.4694945234102578e-04   9.9955305054765908e-01   4.9999997568455989e-01
  7.2000000000000002e+00   4.0979328635487822e-04   9.9959020671364518e-01   4.9999997568162363e-01
  7.2720000000000002e+00   3.7572533529894051e-04   9.9962427466470116e-01   4.9999997567890070e-01
  7.3440000000000003e+00   3.4448903247895753e-04   9.9965551096752114e-01   4.9999997567637511e-01
  7.4160000000000004e+00   3.1584910926433292e-04   9.9968415089073570e-01   4.9999997567403215e-01
  7.4880000000000004e+00   2.8958982985726080e-04   9.9971041017014284e-01   4.9999997567185822e-01
  7.5599999999999996e+00   2.6551337192804098e-04   9.9973448662807207e-01   4.9999997566984078e-01
  7.6319999999999997e+00   2.4343834113347423e-04   9.9975656165886662e-01   4.9999997566796833e-01
  7.7039999999999997e+00   2.2319840850842465e-04   9.9977680159149174e-01   4.9999997566623011e-01
  7.7759999999999998e+00   2.0464106061659685e-04   9.9979535893938354e-01   4.9999997566461624e-01
  7.8479999999999999e+00   1.8762645317114163e-04   9.9981237354682906e-01   4.9999997566311766e-01
  7.9199999999999999e+00   1.7202635959431798e-04   9.9982797364040588e-01   4.9999997566172588e-01
  7.9920000000000000e+00   1.5772320668317301e-04   9.9984227679331705e-01   4.9999997566043319e-01
  8.0640000000000001e+00   1.4460919018976343e-04   9.9985539080981045e-01   4.9999997565923232e-01
  8.1359999999999992e+00   1.3258546371421373e-04   9.9986741453628603e-01   4.9999997565811660e-01
  8.2080000000000002e+00   1.2156139485094416e-04   9.9987843860514924e-01   4.9999997565707993e-01
  8.2799999999999994e+00   1.1145388302646688e-04   9.9988854611697375e-01   4.9999997565611654e-01
  8.3520000000000003e+00   1.0218673392472521e-04   9.9989781326607552e-01   4.9999997565522120e-01
  8.4239999999999995e+00   9.3690085816254811e-05   9.9990630991418394e-01   4.9999997565438903e-01
  8.4960000000000004e+00   8.5899883493455639e-05   9.9991410011650672e-01   4.9999997565361542e-01
  8.5679999999999996e+00   7.8757395868725135e-05   9.9992124260413140e-01   4.9999997565289628e-01
  8.6400000000000006e+00   7.2208773617653347e-05   9.9992779122638242e-01   4.9999997565222765e-01
  8.7119999999999997e+00   6.6204643548256953e-05   9.9993379535645188e-01   4.9999997565160598e-01
  8.7840000000000007e+00   6.0699736651489194e-05   9.9993930026334865e-01   4.9999997565102794e-01
  8.8559999999999999e+00   5.5652547039991818e-05   9.9994434745296013e-01   4.9999997565049042e-01
  8.9280000000000008e+00   5.1025019213083476e-05   9.9994897498078705e-01   4.9999997564999060e-01
  9.0000000000000000e+00   4.6782261297991098e-05   9.9995321773870216e-01   4.9999997564952570e-01
  9.0719999999999992e+00   4.2892282111876932e-05   9.9995710771788826e-01   4.9999997564909338e-01
  9.1440000000000001e+00   3.9325750067720310e-05   9.9996067424993240e-01   4.9999997564869131e-01
  9.2159999999999993e+00   3.6055772110891939e-05   9.9996394422788915e-01   4.9999997564831733e-01
  9.2880000000000003e+00   3.3057691023515595e-05   9.9996694230897643e-01   4.9999997564796955e-01
  9.3599999999999994e+00   3.0308899571556407e-05   9.9996969110042844e-01   4.9999997564764603e-01
  9.4320000000000004e+00   2.7788670096026196e-05   9.9997221132990399e-01   4.9999997564734516e-01
  9.5039999999999996e+00   2.5477998265689828e-05   9.9997452200173431e-01   4.9999997564706533e-01
  9.5760000000000005e+00   2.3359459815053984e-05   9.9997664054018498e-01   4.9999997564680504e-01
  9.6479999999999997e+00   2.1417079189010440e-05   9.9997858292081099e-01   4.9999997564656301e-01
  9.7200000000000006e+00   1.9636209105015919e-05   9.9998036379089494e-01   4.9999997564633791e-01
  9.7919999999999998e+00   1.8003420125786686e-05   9.9998199657987408e-01   4.9999997564612852e-01
  9.8640000000000008e+00   1.6506399410779415e-05   9.9998349360058914e-01   4.9999997564593385e-01
  9.9359999999999999e+00   1.5133857883783171e-05   9.9998486614211612e-01   4.9999997564575283e-01
  1.0007999999999999e+01   1.3875445117275505e-05   9.9998612455488267e-01   4.9999997564558452e-01
  1.0080000000000000e+01   1.2721671292272455e-05   9.9998727832870771e-01   4.9999997564542797e-01
  1.0151999999999999e+01   1.1663835645661814e-05   9.9998833616435434e-01   4.9999997564528248e-01
  1.0224000000000000e+01   1.0693960865850125e-05   9.9998930603913416e-01   4.9999997564514725e-01
  1.0295999999999999e+01   9.8047329423422383e-06   9.9999019526705768e-01   4.9999997564502152e-01
  1.0368000000000000e+01   8.9894460159435045e-06   9.9999101055398398e-01   4.9999997564490467e-01
  1.0440000000000000e+01   8.2419518139368316e-06   9.9999175804818607e-01   4.9999997564479609e-01
  1.0512000000000000e+01   7.5566132891223124e-06   9.9999244338671089e-01   4.9999997564469517e-01
  1.0584000000000000e+01   6.9282621132751725e-06   9.9999307173788665e-01   4.9999997564460147e-01
  1.0656000000000001e+01   6.3521597046161261e-06   9.9999364784029543e-01   4.9999997564451437e-01
  1.0728000000000000e+01   5.8239614955149734e-06   9.9999417603850449e-01   4.9999997564443349e-01
  1.0800000000000001e+01   5.3396841710634514e-06   9.9999466031582895e-01   4.9999997564435839e-01
  1.0872000000000000e+01   4.8956756315404873e-06   9.9999510432436856e-01   4.9999997564428866e-01
  1.0944000000000001e+01   4.4885874523203685e-06   9.9999551141254772e-01   4.9999997564422394e-01
  1.1016000000000000e+01   4.1153496335963122e-06   9.9999588465036648e-01   4.9999997564416387e-01
  1.1087999999999999e+01   3.7731474495500518e-06   9.9999622685255052e-01   4.9999997564410809e-01
  1.1160000000000000e+01   3.4594002224221740e-06   9.9999654059977772e-01   4.9999997564405640e-01
  1.1231999999999999e+01   3.1717418614471967e-06   9.9999682825813863e-01   4.9999997564400844e-01
  1.1304000000000000e+01   2.9080030199207989e-06   9.9999709199698017e-01   4.9999997564396398e-01
  1.1375999999999999e+01   2.6661947358645556e-06   9.9999733380526423e-01   4.9999997564392273e-01
  1.1448000000000000e+01   2.4444934329376269e-06   9.9999755550656710e-01   4.9999997564388449e-01
  1.1520000000000000e+01   2.2412271684994692e-06   9.9999775877283148e-01   4.9999997564384913e-01
  1.1592000000000001e+01   2.0548630251298760e-06   9.9999794513697482e-01   4.9999997564381632e-01
  1.1664000000000000e+01   1.8839955505334286e-06   9.9999811600444943e-01   4.9999997564378595e-01
  1.1736000000000001e+01   1.7273361586596172e-06   9.9999827266384123e-01   4.9999997564375787e-01
  1.1808000000000000e+01   1.5837034121170380e-06   9.9999841629658781e-01   4.9999997564373189e-01
  1.1880000000000001e+01   1.4520141126047904e-06   9.9999854798588739e-01   4.9999997564370785e-01
  1.1952000000000000e+01   1.3312751321765495e-06   9.9999866872486776e-01   4.9999997564368559e-01
  1.2023999999999999e+01   1.2205759237386689e-06   9.9999877942407622e-01   4.9999997564366505e-01
  1.2096000000000000e+01   1.1190816543051836e-06   9.9999888091834566e-01   4.9999997564364612e-01
  1.2167999999999999e+01   1.0260269092283255e-06   9.9999897397309079e-01   4.9999997564362858e-01
  1.2240000000000000e+01   9.4070991992850739e-07   9.9999905929008015e-01   4.9999997564361243e-01
  1.2311999999999999e+01   8.6248727159516483e-07   9.9999913751272840e-01   4.9999997564359755e-01
  1.2384000000000000e+01   7.9076905094906333e-07   9.9999920923094909e-01   4.9999997564358378e-01
  1.2456000000000000e+01   7.2501439747501933e-07   9.9999927498560259e-01   4.9999997564357113e-01
  1.2528000000000000e+01   6.6472742457642574e-07   9.9999933527257545e-01   4.9999997564355947e-01
  1.2600000000000000e+01   6.0945347989245452e-07   9.9999939054652009e-01   4.9999997564354876e-01
  1.2672000000000001e+01   5.5877571657637485e-07   9.9999944122428341e-01   4.9999997564353893e-01
  1.2744000000000000e+01   5.1231194967834241e-07   9.9999948768805025e-01   4.9999997564352988e-01
  1.2816000000000001e+01   4.6971177392596119e-07   9.9999953028822597e-01   4.9999997564352155e-01
  1.2888000000000000e+01   4.3065392116711493e-07   9.9999956934607881e-01   4.9999997564351395e-01
  1.2960000000000001e+01   3.9484383754685792e-07   9.9999960515616249e-01   4.9999997564350696e-01
  1.3032000000000000e+01   3.6201146214718172e-07   9.9999963798853786e-01   4.9999997564350057e-01
  1.3103999999999999e+01   3.3190919033772404e-07   9.9999966809080976e-01   4.9999997564349474e-01
  1.3176000000000000e+01   3.0431000647841006e-07   9.9999969568999358e-01   4.9999997564348941e-01
  1.3247999999999999e+01   2.7900577189212937e-07   9.9999972099422818e-01   4.9999997564348453e-01
  1.3320000000000000e+01   2.5580565519646635e-07   9.9999974419434490e-01   4.9999997564348014e-01
  1.3391999999999999e+01   2.3453469315706402e-07   9.9999976546530689e-01   4.9999997564347609e-01
  1.3464000000000000e+01   2.1503247120949185e-07   9.9999978496752884e-01   4.9999997564347243e-01
  1.3536000000000000e+01   1.9715191369894048e-07   9.9999980284808632e-01   4.9999997564346915e-01
  1.3608000000000001e+01   1.8075817471447645e-07   9.9999981924182535e-01   4.9999997564346615e-01
  1.3680000000000000e+01   1.6572762115320289e-07   9.9999983427237882e-01   4.9999997564346343e-01
  1.3752000000000001e+01   1.5194690034520636e-07   9.9999984805309960e-01   4.9999997564346099e-01
  1.3824000000000000e+01   1.3931208520786923e-07   9.9999986068791480e-01   4.9999997564345883e-01
  1.3896000000000001e+01   1.2772789048280255e-07   9.9999987227210951e-01   4.9999997564345688e-01
  1.3968000000000000e+01   1.1710695414471215e-07   9.9999988289304587e-01   4.9999997564345511e-01
  1.4039999999999999e+01   1.0736917856299666e-07   9.9999989263082145e-01   4.9999997564345355e-01
  1.4112000000000000e+01   9.8441126447492517e-08   9.9999990155887353e-01   4.9999997564345217e-01
  1.4183999999999999e+01   9.0255467022929748e-08   9.9999990974453290e-01   4.9999997564345100e-01
  1.4256000000000000e+01   8.2750468255456190e-08   9.9999991724953174e-01   4.9999997564344989e-01
  1.4327999999999999e+01   7.5869531301884934e-08   9.9999992413046868e-01   4.9999997564344900e-01
  1.4400000000000000e+01   6.9560763670738018e-08   9.9999993043923630e-01   4.9999997564344817e-01
  1.4472000000000000e+01   6.3776587876101530e-08   9.9999993622341210e-01   4.9999997564344750e-01
  1.4544000000000000e+01   5.8473382632972719e-08   9.9999994152661742e-01   4.9999997564344695e-01
  1.4616000000000000e+01   5.3611153888189618e-08   9.9999994638884615e-01   4.9999997564344645e-01
  1.4688000000000001e+01   4.9153233206035856e-08   9.9999995084676674e-01   4.9999997564344606e-01
  1.4760000000000000e+01   4.5066001233907419e-08   9.9999995493399874e-01   4.9999997564344573e-01
  1.4832000000000001e+01   4.1318634162567483e-08   9.9999995868136582e-01   4.9999997564344550e-01
  1.4904000000000000e+01   3.7882871268928022e-08   9.9999996211712872e-01   4.9999997564344534e-01
  1.4976000000000001e+01   3.4732801788289376e-08   9.9999996526719825e-01   4.9999997564344523e-01
  1.5048000000000000e+01   3.1844669508741503e-08   9.9999996815533054e-01   4.9999997564344512e-01
  1.5119999999999999e+01   2.9196693614081031e-08   9.9999997080330638e-01   4.9999997564344512e-01
  1.5192000000000000e+01   2.6768904424135998e-08   9.9999997323109557e-01   4.9999997564344517e-01
  1.5263999999999999e+01   2.4542992793738300e-08   9.9999997545700725e-01   4.9999997564344523e-01
  1.5336000000000000e+01   2.2502172034589885e-08   9.9999997749782799e-01   4.9999997564344534e-01
  1.5407999999999999e+01   2.0631051318709852e-08   9.9999997936894869e-01   4.9999997564344545e-01
  1.5480000000000000e+01   1.8915519608737414e-08   9.9999998108448029e-01   4.9999997564344562e-01
  1.5552000000000000e+01   1.7342639239753727e-08   9.9999998265736068e-01   4.9999997564344584e-01
  1.5624000000000001e+01   1.5900548350072169e-08   9.9999998409945157e-01   4.9999997564344606e-01
  1.5696000000000000e+01   1.4578371425180854e-08   9.9999998542162849e-01   4.9999997564344628e-01
  1.5768000000000001e+01   1.3366137280206357e-08   9.9999998663386258e-01   4.9999997564344650e-01
  1.5840000000000000e+01   1.2254703862364956e-08   9.9999998774529597e-01   4.9999997564344678e-01
  1.5912000000000001e+01   1.1235689306300516e-08   9.9999998876431062e-01   4.9999997564344706e-01
  1.5984000000000000e+01   1.0301408722364081e-08   9.9999998969859116e-01   4.9999997564344734e-01
  1.6056000000000001e+01   9.4448162411251326e-09   9.9999999055518363e-01   4.9999997564344761e-01
  1.6128000000000000e+01   8.6594518770442062e-09   9.9999999134054807e-01   4.9999997564344795e-01
  1.6199999999999999e+01   7.9393928105801300e-09   9.9999999206060708e-01   4.9999997564344822e-01
  1.6271999999999998e+01   7.2792087213267466e-09   9.9999999272079121e-01   4.9999997564344856e-01
  1.6344000000000001e+01   6.6739208353246690e-09   9.9999999332607914e-01   4.9999997564344889e-01
  1.6416000000000000e+01   6.1189643777040376e-09   9.9999999388103555e-01   4.9999997564344917e-01
  1.6488000000000000e+01   5.6101541474954921e-09   9.9999999438984577e-01   4.9999997564344950e-01
  1.6559999999999999e+01   5.1436529549923003e-09   9.9999999485634705e-01   4.9999997564344983e-01
  1.6632000000000001e+01   4.7159426836345209e-09   9.9999999528405725e-01   4.9999997564345011e-01
  1.6704000000000001e+01   4.3237977581788232e-09   9.9999999567620224e-01   4.9999997564345044e-01
  1.6776000000000000e+01   3.9642608190645663e-09   9.9999999603573919e-01   4.9999997564345078e-01
  1.6847999999999999e+01   3.6346204195247291e-09   9.9999999636537962e-01   4.9999997564345106e-01
  1.6920000000000002e+01   3.3323905772447859e-09   9.9999999666760941e-01   4.9999997564345139e-01
  1.6992000000000001e+01   3.0552920263586445e-09   9.9999999694470798e-01   4.9999997564345172e-01
  1.7064000000000000e+01   2.8012350283938594e-09   9.9999999719876498e-01   4.9999997564345200e-01
  1.7135999999999999e+01   2.5683036125351039e-09   9.9999999743169643e-01   4.9999997564345228e-01
  1.7207999999999998e+01   2.3547411263540674e-09   9.9999999764525893e-01   4.9999997564345261e-01
  1.7280000000000001e+01   2.1589369880368184e-09   9.9999999784106308e-01   4.9999997564345289e-01
  1.7352000000000000e+01   1.9794145402007347e-09   9.9999999802058548e-01   4.9999997564345317e-01
  1.7423999999999999e+01   1.8148199137007382e-09   9.9999999818518015e-01   4.9999997564345344e-01
  1.7495999999999999e+01   1.6639118174413779e-09   9.9999999833608821e-01   4.9999997564345372e-01
  1.7568000000000001e+01   1.5255521771947730e-09   9.9999999847444787e-01   4.9999997564345400e-01
  1.7640000000000001e+01   1.3986975528271908e-09   9.9999999860130251e-01   4.9999997564345422e-01
  1.7712000000000000e+01   1.2823912692073910e-09   9.9999999871760881e-01   4.9999997564345450e-01
  1.7783999999999999e+01   1.1757562014520911e-09   9.9999999882424395e-01   4.9999997564345472e-01
  1.7856000000000002e+01   1.0779881600985794e-09   9.9999999892201208e-01   4.9999997564345500e-01
  1.7928000000000001e+01   9.8834982631884410e-10   9.9999999901165038e-01   4.9999997564345522e-01
  1.8000000000000000e+01   9.0616519143772269e-10   9.9999999909383497e-01   4.9999997564345544e-01
  1.8071999999999999e+01   8.3081445882076756e-10   9.9999999916918569e-01   4.9999997564345572e-01
  1.8143999999999998e+01   7.6172936968449088e-10   9.9999999923827076e-01   4.9999997564345594e-01
  1.8216000000000001e+01   6.9838891757864460e-10   9.9999999930161132e-01   4.9999997564345611e-01
  1.8288000000000000e+01   6.4031541922136609e-10   9.9999999935968475e-01   4.9999997564345633e-01
  1.8359999999999999e+01   5.8707091205544326e-10   9.9999999941292927e-01   4.9999997564345655e-01
  1.8431999999999999e+01   5.3825385135791961e-10   9.9999999946174634e-01   4.9999997564345677e-01
  1.8504000000000001e+01   4.9349608199433640e-10   9.9999999950650409e-01   4.9999997564345694e-01
  1.8576000000000001e+01   4.5246006198013568e-10   9.9999999954754015e-01   4.9999997564345716e-01
  1.8648000000000000e+01   4.1483631691075290e-10   9.9999999958516383e-01   4.9999997564345733e-01
  1.8719999999999999e+01   3.8034110606301463e-10   9.9999999961965913e-01   4.9999997564345749e-01
  1.8792000000000002e+01   3.4871428256677925e-10   9.9999999965128594e-01   4.9999997564345766e-01
  1.8864000000000001e+01   3.1971733150933258e-10   9.9999999968028286e-01   4.9999997564345783e-01
  1.8936000000000000e+01   2.9313157117692903e-10   9.9999999970686870e-01   4.9999997564345799e-01
  1.9007999999999999e+01   2.6875650386816577e-10   9.9999999973124376e-01   4.9999997564345816e-01
  1.9079999999999998e+01   2.4640830384187164e-10   9.9999999975359199e-01   4.9999997564345833e-01
  1.9152000000000001e+01   2.2591843099638865e-10   9.9999999977408183e-01   4.9999997564345849e-01
  1.9224000000000000e+01   2.0713235982532846e-10   9.9999999979286791e-01   4.9999997564345861e-01
  1.9295999999999999e+01   1.8990841406423936e-10   9.9999999981009180e-01   4.9999997564345877e-01
  1.9367999999999999e+01   1.7411669823968764e-10   9.9999999982588350e-01   4.9999997564345888e-01
  1.9440000000000001e+01   1.5963811806304511e-10   9.9999999984036214e-01   4.9999997564345905e-01
  1.9512000000000000e+01   1.4636348228129464e-10   9.9999999985363686e-01   4.9999997564345916e-01
  1.9584000000000000e+01   1.3419267921147455e-10   9.9999999986580757e-01   4.9999997564345927e-01
  1.9655999999999999e+01   1.2303392174860605e-10   9.9999999987696631e-01   4.9999997564345938e-01
  1.9728000000000002e+01   1.1280305515334175e-10   9.9999999988719723e-01   4.9999997564345955e-01
  1.9800000000000001e+01   1.0342292239902395e-10   9.9999999989657729e-01   4.9999997564345966e-01
  1.9872000000000000e+01   9.4822782291926752e-11   9.9999999990517741e-01   4.9999997564345977e-01
  1.9943999999999999e+01   8.6937775976442305e-11   9.9999999991306243e-01   4.9999997564345988e-01
  2.0015999999999998e+01   7.9708437801867591e-11   9.9999999992029176e-01   4.9999997564345994e-01
  2.0088000000000001e+01   7.3080246861999431e-11   9.9999999992691990e-01   4.9999997564346005e-01
  2.0160000000000000e+01   6.7003215825479273e-11   9.9999999993299704e-01   4.9999997564346016e-01
  2.0231999999999999e+01   6.1431513956057138e-11   9.9999999993856870e-01   4.9999997564346027e-01
  2.0303999999999998e+01   5.6323121479786557e-11   9.9999999994367716e-01   4.9999997564346033e-01
  2.0376000000000001e+01   5.1639512692564863e-11   9.9999999994836075e-01   4.9999997564346044e-01
  2.0448000000000000e+01   4.7345365418178441e-11   9.9999999995265487e-01   4.9999997564346049e-01
  2.0520000000000000e+01   4.3408294625733925e-11   9.9999999995659195e-01   4.9999997564346060e-01
  2.0591999999999999e+01   3.9798608197554749e-11   9.9999999996020161e-01   4.9999997564346066e-01
  2.0664000000000001e+01   3.6489083005669201e-11   9.9999999996351119e-01   4.9999997564346077e-01
  2.0736000000000001e+01   3.3454759608173410e-11   9.9999999996654554e-01   4.9999997564346083e-01
  2.0808000000000000e+01   3.0672754017174379e-11   9.9999999996932742e-01   4.9999997564346088e-01
  2.0879999999999999e+01   2.8122085118762919e-11   9.9999999997187816e-01   4.9999997564346099e-01
  2.0952000000000002e+01   2.5783516443506192e-11   9.9999999997421674e-01   4.9999997564346105e-01
  2.1024000000000001e+01   2.3639411094173638e-11   9.9999999997636080e-01   4.9999997564346110e-01
  2.1096000000000000e+01   2.1673598736635262e-11   9.9999999997832667e-01   4.9999997564346116e-01
  2.1167999999999999e+01   1.9871253650845527e-11   9.9999999998012901e-01   4.9999997564346121e-01
  2.1239999999999998e+01   1.8218782922235495e-11   9.9999999998178146e-01   4.9999997564346127e-01
  2.1312000000000001e+01   1.6703723930309677e-11   9.9999999998329658e-01   4.9999997564346133e-01
  2.1384000000000000e+01   1.5314650361358761e-11   9.9999999998468558e-01   4.9999997564346138e-01
  2.1456000000000000e+01   1.4041086036483968e-11   9.9999999998595923e-01   4.9999997564346144e-01
  2.1527999999999999e+01   1.2873425905067748e-11   9.9999999998712674e-01   4.9999997564346149e-01
  2.1600000000000001e+01   1.1802863607863795e-11   9.9999999998819733e-01   4.9999997564346155e-01
  2.1672000000000001e+01   1.0821325063423838e-11   9.9999999998917899e-01   4.9999997564346160e-01
  2.1744000000000000e+01   9.9214075770039117e-12   9.9999999999007883e-01   4.9999997564346166e-01
  2.1815999999999999e+01   9.0963240127401005e-12   9.9999999999090394e-01   4.9999997564346171e-01
  2.1888000000000002e+01   8.3398516080687676e-12   9.9999999999166045e-01   4.9999997564346171e-01
  2.1960000000000001e+01   7.6462850443753852e-12   9.9999999999235401e-01   4.9999997564346177e-01
  2.2032000000000000e+01   7.0103934199545282e-12   9.9999999999298994e-01   4.9999997564346182e-01
  2.2103999999999999e+01   6.4273808007927986e-12   9.9999999999357292e-01   4.9999997564346182e-01
  2.2175999999999998e+01   5.8928500516685856e-12   9.9999999999410738e-01   4.9999997564346188e-01
  2.2248000000000001e+01   5.4027696748009458e-12   9.9999999999459743e-01   4.9999997564346194e-01
  2.2320000000000000e+01   4.9534434059614070e-12   9.9999999999504674e-01   4.9999997564346194e-01
  2.2391999999999999e+01   4.5414823387578003e-12   9.9999999999545874e-01   4.9999997564346199e-01
  2.2463999999999999e+01   4.1637793668654088e-12   9.9999999999583644e-01   4.9999997564346205e-01
  2.2536000000000001e+01   3.8174857514615414e-12   9.9999999999618283e-01   4.9999997564346205e-01
  2.2608000000000001e+01   3.4999896371467875e-12   9.9999999999650024e-01   4.9999997564346210e-01
  2.2680000000000000e+01   3.2088963543307450e-12   9.9999999999679134e-01   4.9999997564346210e-01
  2.2751999999999999e+01   2.9420103595325995e-12   9.9999999999705824e-01   4.9999997564346216e-01
  2.2824000000000002e+01   2.6973186773992229e-12   9.9999999999730294e-01   4.9999997564346216e-01
  2.2896000000000001e+01   2.4729757195687258e-12   9.9999999999752731e-01   4.9999997564346221e-01
  2.2968000000000000e+01   2.2672893658908017e-12   9.9999999999773292e-01   4.9999997564346221e-01
  2.3039999999999999e+01   2.0787082030352632e-12   9.9999999999792144e-01   4.9999997564346227e-01
  2.3111999999999998e+01   1.9058098242486246e-12   9.9999999999809430e-01   4.9999997564346227e-01
  2.3184000000000001e+01   1.7472901020212320e-12   9.9999999999825284e-01   4.9999997564346232e-01
  2.3256000000000000e+01   1.6019533527645939e-12   9.9999999999839817e-01   4.9999997564346232e-01
  2.3327999999999999e+01   1.4687033193257295e-12   9.9999999999853151e-01   4.9999997564346232e-01
  2.3399999999999999e+01   1.3465349033329840e-12   9.9999999999865363e-01   4.9999997564346238e-01
  2.3472000000000001e+01   1.2345265850226761e-12   9.9999999999876565e-01   4.9999997564346238e-01
  2.3544000000000000e+01   1.1318334733805496e-12   9.9999999999886835e-01   4.9999997564346238e-01
  2.3616000000000000e+01   1.0376809341855097e-12   9.9999999999896250e-01   4.9999997564346244e-01
  2.3687999999999999e+01   9.5135874790137956e-13   9.9999999999904876e-01   4.9999997564346244e-01
  2.3760000000000002e+01   8.7221575335831013e-13   9.9999999999912792e-01   4.9999997564346244e-01
  2.3832000000000001e+01   7.9965493682892525e-13   9.9999999999920042e-01   4.9999997564346249e-01
  2.3904000000000000e+01   7.3312892946343863e-13   9.9999999999926703e-01   4.9999997564346249e-01
  2.3975999999999999e+01   6.7213587912736917e-13   9.9999999999932798e-01   4.9999997564346249e-01
  2.4047999999999998e+01   6.1621566550927367e-13   9.9999999999938383e-01   4.9999997564346255e-01
  2.4120000000000001e+01   5.6494642995452014e-13   9.9999999999943512e-01   4.9999997564346255e-01
  2.4192000000000000e+01   5.1794139385471217e-13   9.9999999999948219e-01   4.9999997564346255e-01
  2.4263999999999999e+01   4.7484594159851577e-13   9.9999999999952527e-01   4.9999997564346255e-01
  2.4335999999999999e+01   4.3533494608479579e-13   9.9999999999956479e-01   4.9999997564346260e-01
  2.4408000000000001e+01   3.9911031662828525e-13   9.9999999999960099e-01   4.9999997564346260e-01
  2.4480000000000000e+01   3.6589875076519333e-13   9.9999999999963418e-01   4.9999997564346260e-01
  2.4552000000000000e+01   3.3544967300382816e-13   9.9999999999966460e-01   4.9999997564346260e-01
  2.4623999999999999e+01   3.0753334497521333e-13   9.9999999999969258e-01   4.9999997564346260e-01
  2.4696000000000002e+01   2.8193913273124461e-13   9.9999999999971811e-01   4.9999997564346266e-01
  2.4768000000000001e+01   2.5847391812310842e-13   9.9999999999974165e-01   4.9999997564346266e-01
  2.4840000000000000e+01   2.3696064227922440e-13   9.9999999999976319e-01   4.9999997564346266e-01
  2.4911999999999999e+01   2.1723697019824387e-13   9.9999999999978295e-01   4.9999997564346266e-01
  2.4984000000000002e+01   1.9915406638598863e-13   9.9999999999980105e-01   4.9999997564346266e-01
  2.5056000000000001e+01   1.8257547230271753e-13   9.9999999999981759e-01   4.9999997564346271e-01
  2.5128000000000000e+01   1.6737607715481781e-13   9.9999999999983280e-01   4.9999997564346271e-01
  2.5199999999999999e+01   1.5344117426908260e-13   9.9999999999984668e-01   4.9999997564346271e-01
  2.5271999999999998e+01   1.4066559593308688e-13   9.9999999999985945e-01   4.9999997564346271e-01
  2.5344000000000001e+01   1.2895292017695728e-13   9.9999999999987110e-01   4.9999997564346271e-01
  2.5416000000000000e+01   1.1821474351437295e-13   9.9999999999988187e-01   4.9999997564346271e-01
  2.5488000000000000e+01   1.0837001415808543e-13   9.9999999999989175e-01   4.9999997564346277e-01
  2.5559999999999999e+01   9.9344420681284760e-14   9.9999999999990075e-01   4.9999997564346277e-01
  2.5632000000000001e+01   9.1069831514316960e-14   9.9999999999990907e-01   4.9999997564346277e-01
  2.5704000000000001e+01   8.3483781049621076e-14   9.9999999999991662e-01   4.9999997564346277e-01
  2.5776000000000000e+01   7.6528998479249958e-14   9.9999999999992362e-01   4.9999997564346277e-01
  2.5847999999999999e+01   7.0152975811629940e-14   9.9999999999993006e-01   4.9999997564346277e-01
  2.5920000000000002e+01   6.4307571809644722e-14   9.9999999999993594e-01   4.9999997564346277e-01
  2.5992000000000001e+01   5.8948648863091840e-14   9.9999999999994127e-01   4.9999997564346277e-01
  2.6064000000000000e+01   5.4035740056875457e-14   9.9999999999994615e-01   4.9999997564346277e-01
  2.6135999999999999e+01   4.9531743924070314e-14   9.9999999999995071e-01   4.9999997564346282e-01
  2.6207999999999998e+01   4.5402644581752219e-14   9.9999999999995470e-01   4.9999997564346282e-01
  2.6280000000000001e+01   4.1617255138927013e-14   9.9999999999995848e-01   4.9999997564346282e-01
  2.6352000000000000e+01   3.8146982441401674e-14   9.9999999999996203e-01   4.9999997564346282e-01
  2.6423999999999999e+01   3.4965611379340405e-14   9.9999999999996525e-01   4.9999997564346282e-01
  2.6495999999999999e+01   3.2049107130810572e-14   9.9999999999996814e-01   4.9999997564346282e-01
  2.6568000000000001e+01   2.9375433849854121e-14   9.9999999999997080e-01   4.9999997564346282e-01
  2.6640000000000001e+01   2.6924388431673717e-14   9.9999999999997324e-01   4.9999997564346282e-01
  2.6712000000000000e+01   2.4677448101199628e-14   9.9999999999997546e-01   4.9999997564346282e-01
  2.6783999999999999e+01   2.2617630675576181e-14   9.9999999999997757e-01   4.9999997564346282e-01
  2.6856000000000002e+01   2.0729366446677106e-14   9.9999999999997946e-01   4.9999997564346288e-01
  2.6928000000000001e+01   1.8998380717390899e-14   9.9999999999998113e-01   4.9999997564346288e-01
  2.7000000000000000e+01   1.7411586105781353e-14   9.9999999999998268e-01   4.9999997564346288e-01
  2.7071999999999999e+01   1.5956983804869843e-14   9.9999999999998423e-01   4.9999997564346288e-01
  2.7143999999999998e+01   1.4623573053347797e-14   9.9999999999998546e-01   4.9999997564346288e-01
  2.7216000000000001e+01   1.3401268134442974e-14   9.9999999999998668e-01   4.9999997564346288e-01
  2.7288000000000000e+01   1.2280822276936262e-14   9.9999999999998790e-01   4.9999997564346288e-01
  2.7359999999999999e+01   1.1253757884387646e-14   9.9999999999998890e-01   4.9999997564346288e-01
  2.7431999999999999e+01   1.0312302566342894e-14   9.9999999999998979e-01   4.9999997564346288e-01
  2.7504000000000001e+01   9.4493304890670860e-15   9.9999999999999067e-01   4.9999997564346288e-01
  2.7576000000000001e+01   8.6583086034539671e-15   9.9999999999999145e-01   4.9999997564346288e-01
  2.7648000000000000e+01   7.9332473445495026e-15   9.9999999999999223e-01   4.9999997564346293e-01
  2.7719999999999999e+01   7.2686554308555805e-15   9.9999999999999289e-01   4.9999997564346293e-01
  2.7792000000000002e+01   6.6594984224894357e-15   9.9999999999999356e-01   4.9999997564346293e-01
  2.7864000000000001e+01   6.1011607256329715e-15   9.9999999999999400e-01   4.9999997564346293e-01
  2.7936000000000000e+01   5.5894107566936789e-15   9.9999999999999456e-01   4.9999997564346293e-01
  2.8007999999999999e+01   5.1203690034269484e-15   9.9999999999999500e-01   4.9999997564346293e-01
  2.8079999999999998e+01   4.6904787421213944e-15   9.9999999999999545e-01   4.9999997564346293e-01
  2.8152000000000001e+01   4.2964791899784571e-15   9.9999999999999589e-01   4.9999997564346293e-01
  2.8224000000000000e+01   3.9353808901867742e-15   9.9999999999999623e-01   4.9999997564346293e-01
  2.8295999999999999e+01   3.6044431440238060e-15   9.9999999999999656e-01   4.9999997564346299e-01
  2.8367999999999999e+01   3.3011533197655472e-15   9.9999999999999689e-01   4.9999997564346299e-01
  2.8440000000000001e+01   3.0232078823333552e-15   9.9999999999999711e-01   4.9999997564346299e-01
  2.8512000000000000e+01   2.7684950005831229e-15   9.9999999999999734e-01   4.9999997564346299e-01
  2.8584000000000000e+01   2.5350786010495041e-15   9.9999999999999756e-01   4.9999997564346299e-01
  2.8655999999999999e+01   2.3211837478572578e-15   9.9999999999999778e-01   4.9999997564346299e-01
  2.8728000000000002e+01   2.1251832385212477e-15   9.9999999999999789e-01   4.9999997564346299e-01
  2.8800000000000001e+01   1.9455853145213549e-15   9.9999999999999800e-01   4.9999997564346305e-01
  2.8872000000000000e+01   1.7810223939531463e-15   9.9999999999999822e-01   4.9999997564346305e-01
  2.8943999999999999e+01   1.6302407412557333e-15   9.9999999999999833e-01   4.9999997564346305e-01
  2.9015999999999998e+01   1.4920909960944293e-15   9.9999999999999856e-01   4.9999997564346305e-01
  2.9088000000000001e+01   1.3655194899473501e-15   9.9999999999999867e-01   4.9999997564346305e-01
  2.9160000000000000e+01   1.2495602848938955e-15   9.9999999999999867e-01   4.9999997564346310e-01
  2.9231999999999999e+01   1.1433278745463671e-15   9.9999999999999878e-01   4.9999997564346310e-01
  2.9303999999999998e+01   1.0460104920580400e-15   9.9999999999999889e-01   4.9999997564346310e-01
  2.9376000000000001e+01   9.5686397472654966e-16   9.9999999999999911e-01   4.9999997564346310e-01
  2.9448000000000000e+01   8.7520613890268835e-16   9.9999999999999922e-01   4.9999997564346316e-01
  2.9520000000000000e+01   8.0041162276758165e-16   9.9999999999999922e-01   4.9999997564346316e-01
  2.9591999999999999e+01   7.3190715806859498e-16   9.9999999999999922e-01   4.9999997564346316e-01
  2.9664000000000001e+01   6.6916723514271548e-16   9.9999999999999933e-01   4.9999997564346321e-01
  2.9736000000000001e+01   6.1171012851762604e-16   9.9999999999999933e-01   4.9999997564346321e-01
  2.9808000000000000e+01   5.5909425310542688e-16   9.9999999999999933e-01   4.9999997564346327e-01
  2.9879999999999999e+01   5.1091482349458929e-16   9.9999999999999933e-01   4.9999997564346327e-01
  2.9952000000000002e+01   4.6680079113304434e-16   9.9999999999999933e-01   4.9999997564346327e-01
  3.0024000000000001e+01   4.2641203629188693e-16   9.9999999999999933e-01   4.9999997564346332e-01
  3.0096000000000000e+01   3.8943679362056317e-16   9.9999999999999944e-01   4.9999997564346338e-01
  3.0167999999999999e+01   3.5558929186549990e-16   9.9999999999999944e-01   4.9999997564346338e-01
  3.0239999999999998e+01   3.2460758994103502e-16   9.9999999999999944e-01   4.9999997564346343e-01
  3.0312000000000001e+01   2.9625159302406095e-16   9.9999999999999944e-01   4.9999997564346343e-01
  3.0384000000000000e+01   2.7030123369694876e-16   9.9999999999999944e-01   4.9999997564346349e-01
  3.0456000000000000e+01   2.4655480441373431e-16   9.9999999999999944e-01   4.9999997564346355e-01
  3.0527999999999999e+01   2.2482742870389031e-16   9.9999999999999956e-01   4.9999997564346360e-01
  3.0600000000000001e+01   2.0494965957243460e-16   9.9999999999999956e-01   4.9999997564346366e-01
  3.0672000000000001e+01   1.8676619452048890e-16   9.9999999999999956e-01   4.9999997564346371e-01
  3.0744000000000000e+01   1.7013469748281921e-16   9.9999999999999944e-01   4.9999997564346377e-01
  3.0815999999999999e+01   1.5492471879248874e-16   9.9999999999999944e-01   4.9999997564346382e-01
  3.0888000000000002e+01   1.4101670501734140e-16   9.9999999999999944e-01   4.9999997564346388e-01
  3.0960000000000001e+01   1.2830109119314574e-16   9.9999999999999944e-01   4.9999997564346393e-01
  3.1032000000000000e+01   1.1667746860076016e-16   9.9999999999999956e-01   4.9999997564346399e-01
  3.1103999999999999e+01   1.0605382180220591e-16   9.9999999999999956e-01   4.9999997564346410e-01
  3.1175999999999998e+01   9.6345829175625404e-17   9.9999999999999967e-01   4.9999997564346416e-01
  3.1248000000000001e+01   8.7476221665751867e-17   9.9999999999999967e-01   4.9999997564346427e-01
  3.1320000000000000e+01   7.9374194909490419e-17   9.9999999999999978e-01   4.9999997564346438e-01
  3.1391999999999999e+01   7.1974870293493506e-17   9.9999999999999967e-01   4.9999997564346449e-01
  3.1463999999999999e+01   6.5218800875884216e-17   9.9999999999999967e-01   4.9999997564346460e-01
  3.1536000000000001e+01   5.9051518438227937e-17   9.9999999999999967e-01   4.9999997564346471e-01
  3.1608000000000001e+01   5.3423118246443676e-17   9.9999999999999967e-01   4.9999997564346482e-01
  3.1680000000000000e+01   4.8287878383942142e-17   9.9999999999999967e-01   4.9999997564346499e-01
  3.1751999999999999e+01   4.3603910779680383e-17   9.9999999999999967e-01   4.9999997564346516e-01
  3.1824000000000002e+01   3.9332841295327821e-17   9.9999999999999967e-01   4.9999997564346532e-01
  3.1896000000000001e+01   3.5439516452782541e-17   9.9999999999999967e-01   4.9999997564346549e-01
  3.1968000000000000e+01   3.1891734586133883e-17   9.9999999999999967e-01   4.9999997564346566e-01
  3.2039999999999999e+01   2.8659999385385015e-17   9.9999999999999967e-01   4.9999997564346588e-01
  3.2112000000000002e+01   2.5717293968835385e-17   9.9999999999999967e-01   4.9999997564346610e-01
  3.2183999999999997e+01   2.3038873776018291e-17   9.9999999999999967e-01   4.9999997564346632e-01
  3.2256000000000000e+01   2.0602076714907089e-17   9.9999999999999967e-01   4.9999997564346654e-01
  3.2328000000000003e+01   1.8386149127284553e-17   9.9999999999999967e-01   4.9999997564346682e-01
  3.2399999999999999e+01   1.6372086256417509e-17   9.9999999999999967e-01   4.9999997564346710e-01
  3.2472000000000001e+01   1.4542486009536837e-17   9.9999999999999967e-01   4.9999997564346743e-01
  3.2543999999999997e+01   1.2881414908685471e-17   9.9999999999999967e-01   4.9999997564346776e-01
  3.2616000000000000e+01   1.1374285215699069e-17   9.9999999999999956e-01   4.9999997564346810e-01
  3.2688000000000002e+01   1.0007742300829534e-17   9.9999999999999956e-01   4.9999997564346849e-01
  3.2759999999999998e+01   8.7695614028901404e-18   9.9999999999999956e-01   4.9999997564346887e-01
  3.2832000000000001e+01   7.6485529981955401e-18   9.9999999999999956e-01   4.9999997564346932e-01
  3.2904000000000003e+01   6.6344760624779553e-18   9.9999999999999956e-01   4.9999997564346982e-01
  3.2975999999999999e+01   5.7179585681219997e-18   9.9999999999999956e-01   4.9999997564347032e-01
  3.3048000000000002e+01   4.8904246144449120e-18   9.9999999999999956e-01   4.9999997564347087e-01
  3.3119999999999997e+01   4.1440276385545126e-18   9.9999999999999956e-01   4.9999997564347143e-01
  3.3192000000000000e+01   3.4715892006517263e-18   9.9999999999999967e-01   4.9999997564347204e-01
  3.3264000000000003e+01   2.8665428793089915e-18   9.9999999999999956e-01   4.9999997564347276e-01
  3.3335999999999999e+01   2.3228828512192948e-18   9.9999999999999956e-01   4.9999997564347348e-01
  3.3408000000000001e+01   1.8351167653020260e-18   9.9999999999999956e-01   4.9999997564347426e-01
  3.3479999999999997e+01   1.3982225531363962e-18   9.9999999999999967e-01   4.9999997564347509e-01
  3.3552000000000000e+01   1.0076088481242655e-18   9.9999999999999967e-01   4.9999997564347598e-01
  3.3624000000000002e+01   6.5907871251713908e-19   9.9999999999999967e-01   4.9999997564347692e-01
  3.3695999999999998e+01   3.4879639669826560e-19   9.9999999999999956e-01   4.9999997564347798e-01
  3.3768000000000001e+01   7.3256878000358006e-20   9.9999999999999967e-01   4.9999997564347909e-01
  3.3840000000000003e+01  -1.7074205260742325e-19   9.9999999999999956e-01   4.9999997564348031e-01
  3.3911999999999999e+01  -3.8612536821098403e-19   9.9999999999999967e-01   4.9999997564348159e-01
  3.3984000000000002e+01  -5.7556424300879069e-19   9.9999999999999956e-01   4.9999997564348297e-01
  3.4055999999999997e+01  -7.4149752702421982e-19   9.9999999999999967e-01   4.9999997564348442e-01
  3.4128000000000000e+01  -8.8615142208882652e-19   9.9999999999999956e-01   4.9999997564348603e-01
  3.4200000000000003e+01  -1.0115575093272017e-18   9.9999999999999956e-01   4.9999997564348775e-01
  3.4271999999999998e+01  -1.1195692654746358e-18   9.9999999999999956e-01   4.9999997564348958e-01
  3.4344000000000001e+01  -1.2118771941064943e-18   9.9999999999999956e-01   4.9999997564349152e-01
  3.4415999999999997e+01  -1.2900226875525313e-18   9.9999999999999967e-01   4.9999997564349369e-01
  3.4488000000000000e+01  -1.3554107251656375e-18   9.9999999999999967e-01   4.9999997564349596e-01
  3.4560000000000002e+01  -1.4093215053157009e-18   9.9999999999999956e-01   4.9999997564349841e-01
  3.4631999999999998e+01  -1.4529211000289833e-18   9.9999999999999956e-01   4.9999997564350102e-01
  3.4704000000000001e+01  -1.4872712138854042e-18   9.9999999999999956e-01   4.9999997564350385e-01
  3.4776000000000003e+01  -1.5133381220713434e-18   9.9999999999999956e-01   4.9999997564350690e-01
  3.4847999999999999e+01  -1.5320008561305082e-18   9.9999999999999944e-01   4.9999997564351017e-01
  3.4920000000000002e+01  -1.5440587002251254e-18   9.9999999999999944e-01   4.9999997564351373e-01
  3.4991999999999997e+01  -1.5502380557025651e-18   9.9999999999999944e-01   4.9999997564351750e-01
  3.5064000000000000e+01  -1.5511987266569912e-18   9.9999999999999944e-01   4.9999997564352155e-01
  3.5136000000000003e+01  -1.5475396749410334e-18   9.9999999999999944e-01   4.9999997564352594e-01
  3.5207999999999998e+01  -1.5398042890845249e-18   9.9999999999999944e-01   4.9999997564353060e-01
  3.5280000000000001e+01  -1.5284852077308643e-18   9.9999999999999944e-01   4.9999997564353565e-01
  3.5351999999999997e+01  -1.5140287349356787e-18   9.9999999999999944e-01   4.9999997564354109e-01
  3.5423999999999999e+01  -1.4968388815233293e-18   9.9999999999999944e-01   4.9999997564354698e-01
  3.5496000000000002e+01  -1.4772810637811721e-18   9.9999999999999944e-01   4.9999997564355325e-01
  3.5567999999999998e+01  -1.4556854882565983e-18   9.9999999999999944e-01   4.9999997564356002e-01
  3.5640000000000001e+01  -1.4323502490237417e-18   9.9999999999999944e-01   4.9999997564356735e-01
  3.5712000000000003e+01  -1.4075441614138447e-18   9.9999999999999944e-01   4.9999997564357518e-01
  3.5783999999999999e+01  -1.3815093545056492e-18   9.9999999999999944e-01   4.9999997564358362e-01
  3.5856000000000002e+01  -1.3544636424665216e-18   9.9999999999999944e-01   4.9999997564359272e-01
  3.5927999999999997e+01  -1.3266026934813349e-18   9.9999999999999944e-01   4.9999997564360255e-01
  3.6000000000000000e+01  -1.0851892432444144e-18   9.9999999999999933e-01   3.4049319996678090e-01