  0.0000000000000000e+00   9.9999987058212414e-01   1.2941787590933659e-07   4.9999999208209389e-01
  7.1999999999999995e-02   9.6376578336136531e-01   3.6234216638634784e-02   4.9999999700612180e-01
  1.4399999999999999e-01   9.2712868021261352e-01   7.2871319787386646e-02   4.9999999581444993e-01
  2.1600000000000000e-01   8.9022136065529722e-01   1.0977863934470300e-01   4.9999999456035449e-01
  2.8799999999999998e-01   8.5318062034465147e-01   1.4681937965534878e-01   4.9999999325309719e-01
  3.5999999999999999e-01   8.1614524432496804e-01   1.8385475567503218e-01   4.9999999190456623e-01
  4.3200000000000000e-01   7.7925393744941063e-01   2.2074606255058957e-01   4.9999999052901067e-01
  5.0400000000000000e-01   7.4264325733265335e-01   2.5735674266734682e-01   4.9999998914254534e-01
  5.7599999999999996e-01   7.0644561485004520e-01   2.9355438514995491e-01   4.9999998776245391e-01
  6.4800000000000002e-01   6.7078740358022870e-01   3.2921259641977152e-01   4.9999998640635107e-01
  7.1999999999999997e-01   6.3578731278396106e-01   3.6421268721603911e-01   4.9999998509129406e-01
  7.9200000000000004e-01   6.0155486906199707e-01   3.9844513093800310e-01   4.9999998383294170e-01
  8.6399999999999999e-01   5.6818924046931252e-01   4.3181075953068770e-01   4.9999998264484824e-01
  9.3600000000000005e-01   5.3577832442163009e-01   4.6422167557837007e-01   4.9999998153795278e-01
  1.0080000000000000e+00   5.0439812807760243e-01   4.9560187192239774e-01   4.9999998052028910e-01
  1.0800000000000001e+00   4.7411243782395390e-01   5.2588756217604637e-01   4.9999997959690939e-01
  1.1519999999999999e+00   4.4497276371545258e-01   5.5502723628454753e-01   4.9999997876999386e-01
  1.2240000000000000e+00   4.1701853574042258e-01   5.8298146425957753e-01   4.9999997803910678e-01
  1.2960000000000000e+00   3.9027752191577936e-01   6.0972247808422086e-01   4.9999997740155622e-01
  1.3680000000000001e+00   3.6476643358958594e-01   6.3523356641041429e-01   4.9999997685281694e-01
  1.4399999999999999e+00   3.4049168089530563e-01   6.5950831910469465e-01   4.9999997638697835e-01
  1.5120000000000000e+00   3.1745024086939422e-01   6.8254975913060612e-01   4.9999997599718476e-01
  1.5840000000000001e+00   2.9563060201972768e-01   7.0436939798027265e-01   4.9999997567604004e-01
  1.6559999999999999e+00   2.7501375176353909e-01   7.2498624823646118e-01   4.9999997541595870e-01
  1.7280000000000000e+00   2.5557417676569955e-01   7.4442582323430073e-01   4.9999997520945144e-01
  1.8000000000000000e+00   2.3728085043809832e-01   7.6271914956190190e-01   4.9999997504934318e-01
  1.8720000000000001e+00   2.2009818638069276e-01   7.7990181361930755e-01   4.9999997492892667e-01
  1.9440000000000000e+00   2.0398694107763399e-01   7.9601305892236629e-01   4.9999997484205938e-01
  2.0160000000000000e+00   1.8890505348953285e-01   8.1109494651046732e-01   4.9999997478321345e-01
  2.0880000000000001e+00   1.7480841314696663e-01   8.2519158685303362e-01   4.9999997474748886e-01
  2.1600000000000001e+00   1.6165155184818791e-01   8.3834844815181220e-01   4.9999997473059959e-01
  2.2320000000000002e+00   1.4938825704187902e-01   8.5061174295812114e-01   4.9999997472884078e-01
  2.3039999999999998e+00   1.3797210741980742e-01   8.6202789258019263e-01   4.9999997473904462e-01
  2.3759999999999999e+00   1.2735693317104774e-01   8.7264306682895243e-01   4.9999997475852892e-01
  2.4480000000000000e+00   1.1749720479734790e-01   8.8250279520265218e-01   4.9999997478504460e-01
  2.5200000000000000e+00   1.0834835541025811e-01   8.9165164458974200e-01   4.9999997481672248e-01
  2.5920000000000001e+00   9.9867042083969876e-02   9.0013295791603021e-01   4.9999997485202369e-01
  2.6640000000000001e+00   9.2011352184548090e-02   9.0798864781545197e-01   4.9999997488969294e-01
  2.7360000000000002e+00   8.4740960695664197e-02   9.1525903930433594e-01   4.9999997492871678e-01
  2.8079999999999998e+00   7.8017244467920147e-02   9.2198275553207987e-01   4.9999997496828585e-01
  2.8799999999999999e+00   7.1803359082280249e-02   9.2819664091771981e-01   4.9999997500776250e-01
  2.9520000000000000e+00   6.6064283680164274e-02   9.3393571631983585e-01   4.9999997504665167e-01
  3.0240000000000000e+00   6.0766838708689493e-02   9.3923316129131063e-01   4.9999997508457650e-01
  3.0960000000000001e+00   5.5879681088068393e-02   9.4412031891193182e-01   4.9999997512125743e-01
  3.1680000000000001e+00   5.1373280851907434e-02   9.4862671914809271e-01   4.9999997515649425e-01
  3.2400000000000002e+00   4.7219882857389345e-02   9.5278011714261079e-01   4.9999997519015082e-01
  3.3119999999999998e+00   4.3393456723739995e-02   9.5660654327626016e-01   4.9999997522214301e-01
  3.3839999999999999e+00   3.9869637742829825e-02   9.6013036225717041e-01   4.9999997525242768e-01
  3.4560000000000000e+00   3.6625661120968350e-02   9.6337433887903190e-01   4.9999997528099416e-01
  3.5280000000000000e+00   3.3640291559175729e-02   9.6635970844082453e-01   4.9999997530785706e-01
  3.6000000000000001e+00   3.0893749861808827e-02   9.6910625013819129e-01   4.9999997533305018e-01
  3.6720000000000002e+00   2.8367637980308960e-02   9.7163236201969116e-01   4.9999997535662188e-01
  3.7440000000000002e+00   2.6044863648925682e-02   9.7395513635107445e-01   4.9999997537863106e-01
  3.8159999999999998e+00   2.3909565550757832e-02   9.7609043444924226e-01   4.9999997539914376e-01
  3.8879999999999999e+00   2.1947039763095172e-02   9.7805296023690491e-01   4.9999997541823088e-01
  3.9600000000000000e+00   2.0143668068351946e-02   9.7985633193164812e-01   4.9999997543596608e-01
  4.0320000000000000e+00   1.8486848578270335e-02   9.8151315142172979e-01   4.9999997545242403e-01
  4.1040000000000001e+00   1.6964929001963149e-02   9.8303507099803700e-01   4.9999997546767933e-01
  4.1760000000000002e+00   1.5567142790276264e-02   9.8443285720972384e-01   4.9999997548180547e-01
  4.2480000000000002e+00   1.4283548307538635e-02   9.8571645169246147e-01   4.9999997549487396e-01
  4.3200000000000003e+00   1.3104971114859818e-02   9.8689502888514036e-01   4.9999997550695413e-01
  4.3920000000000003e+00   1.2022949394749601e-02   9.8797705060525054e-01   4.9999997551811237e-01
  4.4640000000000004e+00   1.1029682503183874e-02   9.8897031749681619e-01   4.9999997552841230e-01
  4.5359999999999996e+00   1.0117982600729974e-02   9.8988201739927018e-01   4.9999997553791409e-01
  4.6079999999999997e+00   9.2812292875622138e-03   9.9071877071243797e-01   4.9999997554667491e-01
  4.6799999999999997e+00   8.5133271469063406e-03   9.9148667285309389e-01   4.9999997555474857e-01
  4.7519999999999998e+00   7.8086660865718293e-03   9.9219133391342829e-01   4.9999997556218556e-01
  4.8239999999999998e+00   7.1620843578303998e-03   9.9283791564216972e-01   4.9999997556903336e-01
  4.8959999999999999e+00   6.5688341241752300e-03   9.9343116587582481e-01   4.9999997557533632e-01
  4.9680000000000000e+00   6.0245494487625850e-03   9.9397545055123748e-01   4.9999997558113590e-01
  5.0400000000000000e+00   5.5252165680123588e-03   9.9447478343198770e-01   4.9999997558647058e-01
  5.1120000000000001e+00   5.0671463194336902e-03   9.9493285368056639e-01   4.9999997559137638e-01
  5.1840000000000002e+00   4.6469485938317951e-03   9.9535305140616825e-01   4.9999997559588655e-01
  5.2560000000000002e+00   4.2615086852959344e-03   9.9573849131470415e-01   4.9999997560003212e-01
  5.3280000000000003e+00   3.9079654164782427e-03   9.9609203458352191e-01   4.9999997560384168e-01
  5.4000000000000004e+00   3.5836909214110924e-03   9.9641630907858914e-01   4.9999997560734183e-01
  5.4720000000000004e+00   3.2862719732819740e-03   9.9671372802671820e-01   4.9999997561055715e-01
  5.5439999999999996e+00   3.0134927500306886e-03   9.9698650724996951e-01   4.9999997561351034e-01
  5.6159999999999997e+00   2.7633189362262010e-03   9.9723668106377394e-01   4.9999997561622234e-01
  5.6879999999999997e+00   2.5338830653174344e-03   9.9746611693468279e-01   4.9999997561871251e-01
  5.7599999999999998e+00   2.3234710119531023e-03   9.9767652898804704e-01   4.9999997562099868e-01
  5.8319999999999999e+00   2.1305095495677616e-03   9.9786949045043238e-01   4.9999997562309739e-01
  5.9039999999999999e+00   1.9535548937868728e-03   9.9804644510621321e-01   4.9999997562502380e-01
  5.9760000000000000e+00   1.7912821573774543e-03   9.9820871784262266e-01   4.9999997562679188e-01
  6.0480000000000000e+00   1.6424756474375205e-03   9.9835752435256264e-01   4.9999997562841442e-01
  6.1200000000000001e+00   1.5060199402598131e-03   9.9849398005974033e-01   4.9999997562990334e-01
  6.1920000000000002e+00   1.3808916738128612e-03   9.9861910832618728e-01   4.9999997563126958e-01
  6.2640000000000002e+00   1.2661520020499451e-03   9.9873384799795029e-01   4.9999997563252307e-01
  6.3360000000000003e+00   1.1609396592831157e-03   9.9883906034071712e-01   4.9999997563367304e-01
  6.4080000000000004e+00   1.0644645866473570e-03   9.9893553541335278e-01   4.9999997563472803e-01
  6.4800000000000004e+00   9.7600207623408839e-04   9.9902399792376606e-01   4.9999997563569581e-01
  6.5519999999999996e+00   8.9488739180029427e-04   9.9910511260819990e-01   4.9999997563658355e-01
  6.6239999999999997e+00   8.2051082806775010e-04   9.9917948917193256e-01   4.9999997563739779e-01
  6.6959999999999997e+00   7.5231317352527087e-04   9.9924768682647491e-01   4.9999997563814458e-01
  6.7679999999999998e+00   6.8978154434541075e-04   9.9931021845565482e-01   4.9999997563882947e-01
  6.8399999999999999e+00   6.3244555953577441e-04   9.9936755444046443e-01   4.9999997563945764e-01
  6.9119999999999999e+00   5.7987382977438750e-04   9.9942012617022580e-01   4.9999997564003362e-01
  6.9840000000000000e+00   5.3167073453874768e-04   9.9946832926546147e-01   4.9999997564056187e-01
  7.0560000000000000e+00   4.8747346413942041e-04   9.9951252653586076e-01   4.9999997564104626e-01
  7.1280000000000001e+00   4.4694930512131356e-04   9.9955305069487888e-01   4.9999997564149035e-01
  7.2000000000000002e+00   4.0979314920868207e-04   9.9959020685079158e-01   4.9999997564189758e-01
  7.2720000000000002e+00   3.7572520755276240e-04   9.9962427479244753e-01   4.9999997564227094e-01
  7.3440000000000003e+00   3.4448891350256054e-04   9.9965551108649775e-01   4.9999997564261323e-01
  7.4160000000000004e+00   3.1584899846816533e-04   9.9968415100153218e-01   4.9999997564292703e-01
  7.4880000000000004e+00   2.8958972669001001e-04   9.9971041027331031e-01   4.9999997564321474e-01
  7.5599999999999996e+00   2.6551327587431373e-04   9.9973448672412601e-01   4.9999997564347848e-01
  7.6319999999999997e+00   2.4343825171159908e-04   9.9975656174828875e-01   4.9999997564372023e-01
  7.7039999999999997e+00   2.2319832526837221e-04   9.9977680167473193e-01   4.9999997564394177e-01
  7.7759999999999998e+00   2.0464098313801403e-04   9.9979535901686234e-01   4.9999997564414489e-01
  7.8479999999999999e+00   1.8762638106149454e-04   9.9981237361893882e-01   4.9999997564433107e-01
  7.9199999999999999e+00   1.7202629248713996e-04   9.9982797370751308e-01   4.9999997564450166e-01
  7.9920000000000000e+00   1.5772314423641228e-04   9.9984227685576377e-01   4.9999997564465803e-01
  8.0640000000000001e+00   1.4460913208422661e-04   9.9985539086791597e-01   4.9999997564480131e-01
  8.1359999999999992e+00   1.3258540965210039e-04   9.9986741459034800e-01   4.9999997564493259e-01
  8.2080000000000002e+00   1.2156134455446796e-04   9.9987843865544568e-01   4.9999997564505289e-01
  8.2799999999999994e+00   1.1145383623655940e-04   9.9988854616376355e-01   4.9999997564516313e-01
  8.3520000000000003e+00   1.0218669039981780e-04   9.9989781330960026e-01   4.9999997564526411e-01
  8.4239999999999995e+00   9.3690045331134767e-05   9.9990630995466900e-01   4.9999997564535664e-01
  8.4960000000000004e+00   8.5899845838192536e-05   9.9991410015416193e-01   4.9999997564544141e-01
  8.5679999999999996e+00   7.8757360847663780e-05   9.9992124263915239e-01   4.9999997564551907e-01
  8.6400000000000006e+00   7.2208741048469425e-05   9.9992779125895170e-01   4.9999997564559018e-01
  8.7119999999999997e+00   6.6204613261072043e-05   9.9993379538673899e-01   4.9999997564565529e-01
  8.7840000000000007e+00   6.0699708488041715e-05   9.9993930029151201e-01   4.9999997564571497e-01
  8.8559999999999999e+00   5.5652520852860789e-05   9.9994434747914718e-01   4.9999997564576959e-01
  8.9280000000000008e+00   5.1024994864961874e-05   9.9994897500513502e-01   4.9999997564581955e-01
  9.0000000000000000e+00   4.6782238661006024e-05   9.9995321776133905e-01   4.9999997564586535e-01
  9.0719999999999992e+00   4.2892261066953749e-05   9.9995710773893309e-01   4.9999997564590726e-01
  9.1440000000000001e+00   3.9325730503988111e-05   9.9996067426949609e-01   4.9999997564594567e-01
  9.2159999999999993e+00   3.6055753925127853e-05   9.9996394424607493e-01   4.9999997564598075e-01
  9.2880000000000003e+00   3.3057674119625531e-05   9.9996694232588046e-01   4.9999997564601290e-01
  9.3599999999999994e+00   3.0308883860090059e-05   9.9996969111613998e-01   4.9999997564604232e-01
  9.4320000000000004e+00   2.7788655493724050e-05   9.9997221134450642e-01   4.9999997564606924e-01
  9.5039999999999996e+00   2.5477984695060290e-05   9.9997452201530501e-01   4.9999997564609383e-01
  9.5760000000000005e+00   2.3359447203978670e-05   9.9997664055279611e-01   4.9999997564611637e-01
  9.6479999999999997e+00   2.1417067470375832e-05   9.9997858293252972e-01   4.9999997564613696e-01
  9.7200000000000006e+00   1.9636198216369750e-05   9.9998036380178368e-01   4.9999997564615578e-01
  9.7919999999999998e+00   1.8003410009017410e-05   9.9998199658999098e-01   4.9999997564617299e-01
  9.8640000000000008e+00   1.6506390011817303e-05   9.9998349360998817e-01   4.9999997564618870e-01
  9.9359999999999999e+00   1.5133849152321623e-05   9.9998486615084770e-01   4.9999997564620308e-01
  1.0007999999999999e+01   1.3875437006511244e-05   9.9998612456299352e-01   4.9999997564621623e-01
  1.0080000000000000e+01   1.2721663758663392e-05   9.9998727833624135e-01   4.9999997564622822e-01
  1.0151999999999999e+01   1.1663828648701387e-05   9.9998833617135130e-01   4.9999997564623921e-01
  1.0224000000000000e+01   1.0693954367857062e-05   9.9998930604563208e-01   4.9999997564624921e-01
  1.0295999999999999e+01   9.8047269082646716e-06   9.9999019527309163e-01   4.9999997564625837e-01
  1.0368000000000000e+01   8.9894404131765257e-06   9.9999101055958672e-01   4.9999997564626669e-01
  1.0440000000000000e+01   8.2419466121525582e-06   9.9999175805338780e-01   4.9999997564627430e-01
  1.0512000000000000e+01   7.5566084601116444e-06   9.9999244339153981e-01   4.9999997564628124e-01
  1.0584000000000000e+01   6.9282576308004386e-06   9.9999307174236918e-01   4.9999997564628756e-01
  1.0656000000000001e+01   6.3521555442738945e-06   9.9999364784445566e-01   4.9999997564629334e-01
  1.0728000000000000e+01   5.8239576346083347e-06   9.9999417604236540e-01   4.9999997564629856e-01
  1.0800000000000001e+01   5.3396805884831283e-06   9.9999466031941142e-01   4.9999997564630333e-01
  1.0872000000000000e+01   4.8956723076541780e-06   9.9999510432769234e-01   4.9999997564630771e-01
  1.0944000000000001e+01   4.4885843688697560e-06   9.9999551141563114e-01   4.9999997564631166e-01
  1.1016000000000000e+01   4.1153467736012167e-06   9.9999588465322642e-01   4.9999997564631526e-01
  1.1087999999999999e+01   3.7731447972192360e-06   9.9999622685520284e-01   4.9999997564631854e-01
  1.1160000000000000e+01   3.4593977630703502e-06   9.9999654060223697e-01   4.9999997564632154e-01
  1.1231999999999999e+01   3.1717395814178028e-06   9.9999682826041858e-01   4.9999997564632420e-01
  1.1304000000000000e+01   2.9080009065141507e-06   9.9999709199909359e-01   4.9999997564632670e-01
  1.1375999999999999e+01   2.6661927772709988e-06   9.9999733380722278e-01   4.9999997564632892e-01
  1.1448000000000000e+01   2.4444916181753531e-06   9.9999755550838187e-01   4.9999997564633092e-01
  1.1520000000000000e+01   2.2412254873566615e-06   9.9999775877451258e-01   4.9999997564633275e-01
  1.1592000000000001e+01   2.0548614681108927e-06   9.9999794513853191e-01   4.9999997564633442e-01
  1.1664000000000000e+01   1.8839941088087431e-06   9.9999811600589117e-01   4.9999997564633586e-01
  1.1736000000000001e+01   1.7273348240192519e-06   9.9999827266517594e-01   4.9999997564633725e-01
  1.1808000000000000e+01   1.5837021769272495e-06   9.9999841629782305e-01   4.9999997564633847e-01
  1.1880000000000001e+01   1.4520129697677815e-06   9.9999854798703025e-01   4.9999997564633952e-01
  1.1952000000000000e+01   1.3312740750929953e-06   9.9999866872592491e-01   4.9999997564634052e-01
  1.2023999999999999e+01   1.2205749462728619e-06   9.9999877942505366e-01   4.9999997564634141e-01
  1.2096000000000000e+01   1.1190807507526164e-06   9.9999888091924916e-01   4.9999997564634219e-01
  1.2167999999999999e+01   1.0260260742855369e-06   9.9999897397392568e-01   4.9999997564634291e-01
  1.2240000000000000e+01   9.4070914866503986e-07   9.9999905929085120e-01   4.9999997564634358e-01
  1.2311999999999999e+01   8.6248655942748011e-07   9.9999913751344049e-01   4.9999997564634413e-01
  1.2384000000000000e+01   7.9076839361628278e-07   9.9999920923160635e-01   4.9999997564634463e-01
  1.2456000000000000e+01   7.2501379101636128e-07   9.9999927498620889e-01   4.9999997564634507e-01
  1.2528000000000000e+01   6.6472686531021894e-07   9.9999933527313456e-01   4.9999997564634546e-01
  1.2600000000000000e+01   6.0945296439661937e-07   9.9999939054703546e-01   4.9999997564634580e-01
  1.2672000000000001e+01   5.5877524167026990e-07   9.9999944122475815e-01   4.9999997564634613e-01
  1.2744000000000000e+01   5.1231151240587880e-07   9.9999948768848745e-01   4.9999997564634641e-01
  1.2816000000000001e+01   4.6971137153989820e-07   9.9999953028862831e-01   4.9999997564634663e-01
  1.2888000000000000e+01   4.3065355111445233e-07   9.9999956934644874e-01   4.9999997564634685e-01
  1.2960000000000001e+01   3.9484349745524954e-07   9.9999960515650244e-01   4.9999997564634702e-01
  1.3032000000000000e+01   3.6201114981229833e-07   9.9999963798885005e-01   4.9999997564634713e-01
  1.3103999999999999e+01   3.3190890371149841e-07   9.9999966809109619e-01   4.9999997564634729e-01
  1.3176000000000000e+01   3.0430974365810391e-07   9.9999969569025626e-01   4.9999997564634741e-01
  1.3247999999999999e+01   2.7900553111016320e-07   9.9999972099446877e-01   4.9999997564634746e-01
  1.3320000000000000e+01   2.5580543481095953e-07   9.9999974419456505e-01   4.9999997564634752e-01
  1.3391999999999999e+01   2.3453449164303513e-07   9.9999976546550817e-01   4.9999997564634757e-01
  1.3464000000000000e+01   2.1503228715067340e-07   9.9999978496771269e-01   4.9999997564634763e-01
  1.3536000000000000e+01   1.9715174578016472e-07   9.9999980284825396e-01   4.9999997564634768e-01
  1.3608000000000001e+01   1.8075802171459239e-07   9.9999981924197812e-01   4.9999997564634768e-01
  1.3680000000000000e+01   1.6572748193848750e-07   9.9999983427251793e-01   4.9999997564634768e-01
  1.3752000000000001e+01   1.5194677386323515e-07   9.9999984805322595e-01   4.9999997564634768e-01
  1.3824000000000000e+01   1.3931197048181454e-07   9.9999986068802937e-01   4.9999997564634768e-01
  1.3896000000000001e+01   1.2772778660612906e-07   9.9999987227221321e-01   4.9999997564634768e-01
  1.3968000000000000e+01   1.1710686027624250e-07   9.9999988289313946e-01   4.9999997564634763e-01
  1.4039999999999999e+01   1.0736909392232078e-07   9.9999989263090583e-01   4.9999997564634763e-01
  1.4112000000000000e+01   9.8441050310697109e-08   9.9999990155894947e-01   4.9999997564634757e-01
  1.4183999999999999e+01   9.0255398718625278e-08   9.9999990974460107e-01   4.9999997564634757e-01
  1.4256000000000000e+01   8.2750407161080868e-08   9.9999991724959258e-01   4.9999997564634752e-01
  1.4327999999999999e+01   7.5869476840266063e-08   9.9999992413052285e-01   4.9999997564634746e-01
  1.4400000000000000e+01   6.9560715306893174e-08   9.9999993043928437e-01   4.9999997564634746e-01
  1.4472000000000000e+01   6.3776545114262488e-08   9.9999993622345462e-01   4.9999997564634741e-01
  1.4544000000000000e+01   5.8473345013816845e-08   9.9999994152665472e-01   4.9999997564634735e-01
  1.4616000000000000e+01   5.3611120986264168e-08   9.9999994638887879e-01   4.9999997564634729e-01
  1.4688000000000001e+01   4.9153204627361797e-08   9.9999995084679516e-01   4.9999997564634724e-01
  1.4760000000000000e+01   4.5065976613750240e-08   9.9999995493402316e-01   4.9999997564634718e-01
  1.4832000000000001e+01   4.1318613163363459e-08   9.9999995868138669e-01   4.9999997564634718e-01
  1.4904000000000000e+01   3.7882853578354995e-08   9.9999996211714626e-01   4.9999997564634713e-01
  1.4976000000000001e+01   3.4732787117472173e-08   9.9999996526721269e-01   4.9999997564634707e-01
  1.5048000000000000e+01   3.1844657590582425e-08   9.9999996815534220e-01   4.9999997564634702e-01
  1.5119999999999999e+01   2.9196684201706939e-08   9.9999997080331560e-01   4.9999997564634696e-01
  1.5192000000000000e+01   2.6768897289453747e-08   9.9999997323110257e-01   4.9999997564634691e-01
  1.5263999999999999e+01   2.4542987726091048e-08   9.9999997545701214e-01   4.9999997564634685e-01
  1.5336000000000000e+01   2.2502168839507270e-08   9.9999997749783098e-01   4.9999997564634679e-01
  1.5407999999999999e+01   2.0631049816745531e-08   9.9999997936895002e-01   4.9999997564634679e-01
  1.5480000000000000e+01   1.8915519634387888e-08   9.9999998108448018e-01   4.9999997564634674e-01
  1.5552000000000000e+01   1.7342640640452814e-08   9.9999998265735912e-01   4.9999997564634668e-01
  1.5624000000000001e+01   1.5900550985255886e-08   9.9999998409944879e-01   4.9999997564634663e-01
  1.5696000000000000e+01   1.4578375165417807e-08   9.9999998542162460e-01   4.9999997564634657e-01
  1.5768000000000001e+01   1.3366142006389116e-08   9.9999998663385770e-01   4.9999997564634652e-01
  1.5840000000000000e+01   1.2254709464958166e-08   9.9999998774529031e-01   4.9999997564634652e-01
  1.5912000000000001e+01   1.1235695684641818e-08   9.9999998876430407e-01   4.9999997564634646e-01
  1.5984000000000000e+01   1.0301415784014186e-08   9.9999998969858395e-01   4.9999997564634641e-01
  1.6056000000000001e+01   9.4448239012636272e-09   9.9999999055517586e-01   4.9999997564634635e-01
  1.6128000000000000e+01   8.6594600579079279e-09   9.9999999134053974e-01   4.9999997564634635e-01
  1.6199999999999999e+01   7.9394014409411536e-09   9.9999999206059831e-01   4.9999997564634630e-01
  1.6271999999999998e+01   7.2792177360072326e-09   9.9999999272078188e-01   4.9999997564634624e-01
  1.6344000000000001e+01   6.6739301747460237e-09   9.9999999332606948e-01   4.9999997564634624e-01
  1.6416000000000000e+01   6.1189739874679979e-09   9.9999999388102567e-01   4.9999997564634618e-01
  1.6488000000000000e+01   5.6101639779949116e-09   9.9999999438983556e-01   4.9999997564634613e-01
  1.6559999999999999e+01   5.1436629610495883e-09   9.9999999485633662e-01   4.9999997564634613e-01
  1.6632000000000001e+01   4.7159528241658067e-09   9.9999999528404682e-01   4.9999997564634607e-01
  1.6704000000000001e+01   4.3238079958820504e-09   9.9999999567619158e-01   4.9999997564634607e-01
  1.6776000000000000e+01   3.9642711201298657e-09   9.9999999603572842e-01   4.9999997564634602e-01
  1.6847999999999999e+01   3.6346307533655127e-09   9.9999999636536874e-01   4.9999997564634602e-01
  1.6920000000000002e+01   3.3324009162481190e-09   9.9999999666759853e-01   4.9999997564634596e-01
  1.6992000000000001e+01   3.0553023456535570e-09   9.9999999694469710e-01   4.9999997564634596e-01
  1.7064000000000000e+01   2.8012453056363456e-09   9.9999999719875410e-01   4.9999997564634591e-01
  1.7135999999999999e+01   2.5683138277086407e-09   9.9999999743168566e-01   4.9999997564634591e-01
  1.7207999999999998e+01   2.3547512615845763e-09   9.9999999764524816e-01   4.9999997564634585e-01
  1.7280000000000001e+01   2.1589470274210552e-09   9.9999999784105242e-01   4.9999997564634585e-01
  1.7352000000000000e+01   1.9794244696471719e-09   9.9999999802057493e-01   4.9999997564634580e-01
  1.7423999999999999e+01   1.8148297207820623e-09   9.9999999818516971e-01   4.9999997564634580e-01
  1.7495999999999999e+01   1.6639214912577906e-09   9.9999999833607800e-01   4.9999997564634574e-01
  1.7568000000000001e+01   1.5255617082473354e-09   9.9999999847443777e-01   4.9999997564634574e-01
  1.7640000000000001e+01   1.3987069329005076e-09   9.9999999860129252e-01   4.9999997564634574e-01
  1.7712000000000000e+01   1.2824004912609760e-09   9.9999999871759904e-01   4.9999997564634568e-01
  1.7783999999999999e+01   1.1757652595198038e-09   9.9999999882423418e-01   4.9999997564634568e-01
  1.7856000000000002e+01   1.0779970491955614e-09   9.9999999892200242e-01   4.9999997564634563e-01
  1.7928000000000001e+01   9.8835854235542740e-10   9.9999999901164094e-01   4.9999997564634563e-01
  1.8000000000000000e+01   9.0617373113981565e-10   9.9999999909382575e-01   4.9999997564634563e-01
  1.8071999999999999e+01   8.3082281965625908e-10   9.9999999916917670e-01   4.9999997564634557e-01
  1.8143999999999998e+01   7.6173754979524544e-10   9.9999999923826199e-01   4.9999997564634557e-01
  1.8216000000000001e+01   6.9839691571769064e-10   9.9999999930160266e-01   4.9999997564634557e-01
  1.8288000000000000e+01   6.4032323469490741e-10   9.9999999935967632e-01   4.9999997564634557e-01
  1.8359999999999999e+01   5.8707854466934813e-10   9.9999999941292095e-01   4.9999997564634552e-01
  1.8431999999999999e+01   5.3826130136836773e-10   9.9999999946173823e-01   4.9999997564634552e-01
  1.8504000000000001e+01   4.9350335006232417e-10   9.9999999950649610e-01   4.9999997564634552e-01
  1.8576000000000001e+01   4.5246714912956354e-10   9.9999999954753238e-01   4.9999997564634552e-01
  1.8648000000000000e+01   4.1484322448983468e-10   9.9999999958515629e-01   4.9999997564634546e-01
  1.8719999999999999e+01   3.8034783570876951e-10   9.9999999961965169e-01   4.9999997564634546e-01
  1.8792000000000002e+01   3.4872083617238253e-10   9.9999999965127873e-01   4.9999997564634546e-01
  1.8864000000000001e+01   3.1972371119411632e-10   9.9999999968027575e-01   4.9999997564634546e-01
  1.8936000000000000e+01   2.9313777925884019e-10   9.9999999970686171e-01   4.9999997564634541e-01
  1.9007999999999999e+01   2.6876254283850104e-10   9.9999999973123688e-01   4.9999997564634541e-01
  1.9079999999999998e+01   2.4641417634212165e-10   9.9999999975358533e-01   4.9999997564634541e-01
  1.9152000000000001e+01   2.2592413979703618e-10   9.9999999977407539e-01   4.9999997564634541e-01
  1.9224000000000000e+01   2.0713790780645533e-10   9.9999999979286158e-01   4.9999997564634541e-01
  1.9295999999999999e+01   1.8991380419780785e-10   9.9999999981008558e-01   4.9999997564634535e-01
  1.9367999999999999e+01   1.7412193357337134e-10   9.9999999982587751e-01   4.9999997564634535e-01
  1.9440000000000001e+01   1.5964320170549248e-10   9.9999999984035626e-01   4.9999997564634535e-01
  1.9512000000000000e+01   1.4636841738871778e-10   9.9999999985363108e-01   4.9999997564634535e-01
  1.9584000000000000e+01   1.3419746897546240e-10   9.9999999986580201e-01   4.9999997564634535e-01
  1.9655999999999999e+01   1.2303856938506872e-10   9.9999999987696098e-01   4.9999997564634535e-01
  1.9728000000000002e+01   1.1280756389249949e-10   9.9999999988719190e-01   4.9999997564634535e-01
  1.9800000000000001e+01   1.0342729547636033e-10   9.9999999989657229e-01   4.9999997564634530e-01
  1.9872000000000000e+01   9.4827022940030999e-11   9.9999999990517252e-01   4.9999997564634530e-01
  1.9943999999999999e+01   8.6941887417671793e-11   9.9999999991305766e-01   4.9999997564634530e-01
  2.0015999999999998e+01   7.9712423241765802e-11   9.9999999992028710e-01   4.9999997564634530e-01
  2.0088000000000001e+01   7.3084109483409760e-11   9.9999999992691546e-01   4.9999997564634530e-01
  2.0160000000000000e+01   6.7006958783299261e-11   9.9999999993299249e-01   4.9999997564634530e-01
  2.0231999999999999e+01   6.1435140372581621e-11   9.9999999993856437e-01   4.9999997564634530e-01
  2.0303999999999998e+01   5.6326634440591972e-11   9.9999999994367283e-01   4.9999997564634530e-01
  2.0376000000000001e+01   5.1642915242890664e-11   9.9999999994835653e-01   4.9999997564634524e-01
  2.0448000000000000e+01   4.7348660559764454e-11   9.9999999995265076e-01   4.9999997564634524e-01
  2.0520000000000000e+01   4.3411485314075864e-11   9.9999999995658795e-01   4.9999997564634524e-01
  2.0591999999999999e+01   3.9801697339542473e-11   9.9999999996019773e-01   4.9999997564634524e-01
  2.0664000000000001e+01   3.6492073457575302e-11   9.9999999996350741e-01   4.9999997564634524e-01
  2.0736000000000001e+01   3.3457654173961928e-11   9.9999999996654176e-01   4.9999997564634524e-01
  2.0808000000000000e+01   3.0675555447101697e-11   9.9999999996932387e-01   4.9999997564634524e-01
  2.0879999999999999e+01   2.8124796108245063e-11   9.9999999997187461e-01   4.9999997564634524e-01
  2.0952000000000002e+01   2.5786139632228592e-11   9.9999999997421318e-01   4.9999997564634524e-01
  2.1024000000000001e+01   2.3641949065421349e-11   9.9999999997635736e-01   4.9999997564634524e-01
  2.1096000000000000e+01   2.1676054016823231e-11   9.9999999997832323e-01   4.9999997564634524e-01
  2.1167999999999999e+01   1.9873628709230065e-11   9.9999999998012568e-01   4.9999997564634518e-01
  2.1239999999999998e+01   1.8221080170789548e-11   9.9999999998177824e-01   4.9999997564634518e-01
  2.1312000000000001e+01   1.6705945723745889e-11   9.9999999998329347e-01   4.9999997564634518e-01
  2.1384000000000000e+01   1.5316798997285528e-11   9.9999999998468259e-01   4.9999997564634518e-01
  2.1456000000000000e+01   1.4043163755680850e-11   9.9999999998595623e-01   4.9999997564634518e-01
  2.1527999999999999e+01   1.2875434891867698e-11   9.9999999998712386e-01   4.9999997564634518e-01
  2.1600000000000001e+01   1.1804805990630612e-11   9.9999999998819444e-01   4.9999997564634518e-01
  2.1672000000000001e+01   1.0823202915114277e-11   9.9999999998917599e-01   4.9999997564634518e-01
  2.1744000000000000e+01   9.9232229158045949e-12   9.9999999999007605e-01   4.9999997564634518e-01
  2.1815999999999999e+01   9.0980788027703543e-12   9.9999999999090117e-01   4.9999997564634518e-01
  2.1888000000000002e+01   8.3415477601410748e-12   9.9999999999165767e-01   4.9999997564634518e-01
  2.1960000000000001e+01   7.6479244168059381e-12   9.9999999999235123e-01   4.9999997564634518e-01
  2.2032000000000000e+01   7.0119778194169595e-12   9.9999999999298717e-01   4.9999997564634518e-01
  2.2103999999999999e+01   6.4289119832087759e-12   9.9999999999357025e-01   4.9999997564634518e-01
  2.2175999999999998e+01   5.8943297231294460e-12   9.9999999999410483e-01   4.9999997564634518e-01
  2.2248000000000001e+01   5.4041994925151396e-12   9.9999999999459499e-01   4.9999997564634518e-01
  2.2320000000000000e+01   4.9548249792229022e-12   9.9999999999504430e-01   4.9999997564634518e-01
  2.2391999999999999e+01   4.5428172299310674e-12   9.9999999999545641e-01   4.9999997564634518e-01
  2.2463999999999999e+01   4.1650690923830152e-12   9.9999999999583411e-01   4.9999997564634518e-01
  2.2536000000000001e+01   3.8187317828307186e-12   9.9999999999618050e-01   4.9999997564634518e-01
  2.2608000000000001e+01   3.5011934019616999e-12   9.9999999999649802e-01   4.9999997564634513e-01
  2.2680000000000000e+01   3.2100592372874991e-12   9.9999999999678912e-01   4.9999997564634513e-01
  2.2751999999999999e+01   2.9431337034442980e-12   9.9999999999705613e-01   4.9999997564634513e-01
  2.2824000000000002e+01   2.6984037842086896e-12   9.9999999999730083e-01   4.9999997564634513e-01
  2.2896000000000001e+01   2.4740238513567109e-12   9.9999999999752520e-01   4.9999997564634513e-01
  2.2968000000000000e+01   2.2683017458777310e-12   9.9999999999773093e-01   4.9999997564634513e-01
  2.3039999999999999e+01   2.0796860165748170e-12   9.9999999999791955e-01   4.9999997564634513e-01
  2.3111999999999998e+01   1.9067542198116043e-12   9.9999999999809241e-01   4.9999997564634513e-01
  2.3184000000000001e+01   1.7482021921683473e-12   9.9999999999825095e-01   4.9999997564634513e-01
  2.3256000000000000e+01   1.6028342151069911e-12   9.9999999999839628e-01   4.9999997564634513e-01
  2.3327999999999999e+01   1.4695539974721890e-12   9.9999999999852962e-01   4.9999997564634513e-01
  2.3399999999999999e+01   1.3473564078228920e-12   9.9999999999865175e-01   4.9999997564634513e-01
  2.3472000000000001e+01   1.2353198942439772e-12   9.9999999999876377e-01   4.9999997564634513e-01
  2.3544000000000000e+01   1.1325995344720015e-12   9.9999999999886657e-01   4.9999997564634513e-01
  2.3616000000000000e+01   1.0384206639226742e-12   9.9999999999896072e-01   4.9999997564634513e-01
  2.3687999999999999e+01   9.5207303356589057e-13   9.9999999999904698e-01   4.9999997564634513e-01
  2.3760000000000002e+01   8.7290545358999573e-13   9.9999999999912614e-01   4.9999997564634513e-01
  2.3832000000000001e+01   8.0032088246053134e-13   9.9999999999919864e-01   4.9999997564634513e-01
  2.3904000000000000e+01   7.3377192433765372e-13   9.9999999999926525e-01   4.9999997564634513e-01
  2.3975999999999999e+01   6.7275670089604074e-13   9.9999999999932632e-01   4.9999997564634513e-01
  2.4047999999999998e+01   6.1681506641466433e-13   9.9999999999938227e-01   4.9999997564634513e-01
  2.4120000000000001e+01   5.6552513759256379e-13   9.9999999999943345e-01   4.9999997564634513e-01
  2.4192000000000000e+01   5.1850011192026395e-13   9.9999999999948042e-01   4.9999997564634513e-01
  2.4263999999999999e+01   4.7538535061261913e-13   9.9999999999952360e-01   4.9999997564634513e-01
  2.4335999999999999e+01   4.3585570410405016e-13   9.9999999999956324e-01   4.9999997564634513e-01
  2.4408000000000001e+01   3.9961305993642627e-13   9.9999999999959943e-01   4.9999997564634513e-01
  2.4480000000000000e+01   3.6638409454701209e-13   9.9999999999963274e-01   4.9999997564634513e-01
  2.4552000000000000e+01   3.3591821200161371e-13   9.9999999999966316e-01   4.9999997564634513e-01
  2.4623999999999999e+01   3.0798565412789964e-13   9.9999999999969102e-01   4.9999997564634513e-01
  2.4696000000000002e+01   2.8237576779648808e-13   9.9999999999971667e-01   4.9999997564634513e-01
  2.4768000000000001e+01   2.5889541628251758e-13   9.9999999999974010e-01   4.9999997564634513e-01
  2.4840000000000000e+01   2.3736752272700240e-13   9.9999999999976175e-01   4.9999997564634513e-01
  2.4911999999999999e+01   2.1762973471349986e-13   9.9999999999978151e-01   4.9999997564634513e-01
  2.4984000000000002e+01   1.9953319988901004e-13   9.9999999999979949e-01   4.9999997564634513e-01
  2.5056000000000001e+01   1.8294144339546410e-13   9.9999999999981615e-01   4.9999997564634513e-01
  2.5128000000000000e+01   1.6772933864596368e-13   9.9999999999983136e-01   4.9999997564634513e-01
  2.5199999999999999e+01   1.5378216368389030e-13   9.9999999999984535e-01   4.9999997564634513e-01
  2.5271999999999998e+01   1.4099473600842715e-13   9.9999999999985811e-01   4.9999997564634513e-01
  2.5344000000000001e+01   1.2927061934178857e-13   9.9999999999986988e-01   4.9999997564634513e-01
  2.5416000000000000e+01   1.1852139635600097e-13   9.9999999999988054e-01   4.9999997564634513e-01
  2.5488000000000000e+01   1.0866600187451124e-13   9.9999999999989042e-01   4.9999997564634513e-01
  2.5559999999999999e+01   9.9630111519969991e-14   9.9999999999989941e-01   4.9999997564634513e-01
  2.5632000000000001e+01   9.1345581197682614e-14   9.9999999999990774e-01   4.9999997564634513e-01
  2.5704000000000001e+01   8.3749933187599077e-14   9.9999999999991540e-01   4.9999997564634513e-01
  2.5776000000000000e+01   7.6785884969209973e-14   9.9999999999992228e-01   4.9999997564634513e-01
  2.5847999999999999e+01   7.0400917225986877e-14   9.9999999999992861e-01   4.9999997564634513e-01
  2.5920000000000002e+01   6.4546877771477024e-14   9.9999999999993461e-01   4.9999997564634513e-01
  2.5992000000000001e+01   5.9179618410064804e-14   9.9999999999993994e-01   4.9999997564634513e-01
  2.6064000000000000e+01   5.4258661993789552e-14   9.9999999999994471e-01   4.9999997564634513e-01
  2.6135999999999999e+01   4.9746897164331786e-14   9.9999999999994926e-01   4.9999997564634513e-01
  2.6207999999999998e+01   4.5610298478067938e-14   9.9999999999995348e-01   4.9999997564634513e-01
  2.6280000000000001e+01   4.1817669803519420e-14   9.9999999999995726e-01   4.9999997564634513e-01
  2.6352000000000000e+01   3.8340409056030619e-14   9.9999999999996081e-01   4.9999997564634513e-01
  2.6423999999999999e+01   3.5152292495424766e-14   9.9999999999996392e-01   4.9999997564634513e-01
  2.6495999999999999e+01   3.2229276959920669e-14   9.9999999999996680e-01   4.9999997564634513e-01
  2.6568000000000001e+01   2.9549318544859494e-14   9.9999999999996947e-01   4.9999997564634513e-01
  2.6640000000000001e+01   2.7092206358808923e-14   9.9999999999997191e-01   4.9999997564634513e-01
  2.6712000000000000e+01   2.4839410103318265e-14   9.9999999999997424e-01   4.9999997564634513e-01
  2.6783999999999999e+01   2.2773940326848604e-14   9.9999999999997624e-01   4.9999997564634513e-01
  2.6856000000000002e+01   2.0880220298984559e-14   9.9999999999997813e-01   4.9999997564634513e-01
  2.6928000000000001e+01   1.9143968538668279e-14   9.9999999999997979e-01   4.9999997564634513e-01
  2.7000000000000000e+01   1.7552091110543565e-14   9.9999999999998146e-01   4.9999997564634513e-01
  2.7071999999999999e+01   1.6092582877164098e-14   9.9999999999998290e-01   4.9999997564634513e-01
  2.7143999999999998e+01   1.4754436962360313e-14   9.9999999999998423e-01   4.9999997564634513e-01
  2.7216000000000001e+01   1.3527561742983813e-14   9.9999999999998546e-01   4.9999997564634513e-01
  2.7288000000000000e+01   1.2402704743023406e-14   9.9999999999998668e-01   4.9999997564634513e-01
  2.7359999999999999e+01   1.1371382856141038e-14   9.9999999999998768e-01   4.9999997564634513e-01
  2.7431999999999999e+01   1.0425818370401562e-14   9.9999999999998868e-01   4.9999997564634513e-01
  2.7504000000000001e+01   9.5588803127274917e-15   9.9999999999998945e-01   4.9999997564634513e-01
  2.7576000000000001e+01   8.7640306707285592e-15   9.9999999999999023e-01   4.9999997564634513e-01
  2.7648000000000000e+01   8.0352750863385273e-15   9.9999999999999101e-01   4.9999997564634513e-01
  2.7719999999999999e+01   7.3671176494158257e-15   9.9999999999999167e-01   4.9999997564634513e-01
  2.7792000000000002e+01   6.7545194503844104e-15   9.9999999999999223e-01   4.9999997564634513e-01
  2.7864000000000001e+01   6.1928605793399941e-15   9.9999999999999289e-01   4.9999997564634513e-01
  2.7936000000000000e+01   5.6779052850382914e-15   9.9999999999999334e-01   4.9999997564634513e-01
  2.8007999999999999e+01   5.2057700310121482e-15   9.9999999999999389e-01   4.9999997564634513e-01
  2.8079999999999998e+01   4.7728942079130694e-15   9.9999999999999434e-01   4.9999997564634513e-01
  2.8152000000000001e+01   4.3760132812045725e-15   9.9999999999999467e-01   4.9999997564634513e-01
  2.8224000000000000e+01   4.0121341717009490e-15   9.9999999999999512e-01   4.9999997564634518e-01
  2.8295999999999999e+01   3.6785126832840329e-15   9.9999999999999545e-01   4.9999997564634518e-01
  2.8367999999999999e+01   3.3726328075693042e-15   9.9999999999999578e-01   4.9999997564634518e-01
  2.8440000000000001e+01   3.0921877494476896e-15   9.9999999999999600e-01   4.9999997564634518e-01
  2.8512000000000000e+01   2.8350625304073582e-15   9.9999999999999634e-01   4.9999997564634518e-01
  2.8584000000000000e+01   2.5993180384386448e-15   9.9999999999999656e-01   4.9999997564634518e-01
  2.8655999999999999e+01   2.3831764042346093e-15   9.9999999999999667e-01   4.9999997564634518e-01
  2.8728000000000002e+01   2.1850075934019927e-15   9.9999999999999678e-01   4.9999997564634518e-01
  2.8800000000000001e+01   2.0033171135678610e-15   9.9999999999999689e-01   4.9999997564634518e-01
  2.8872000000000000e+01   1.8367347436752025e-15   9.9999999999999700e-01   4.9999997564634518e-01
  2.8943999999999999e+01   1.6840042004695683e-15   9.9999999999999711e-01   4.9999997564634524e-01
  2.9015999999999998e+01   1.5439736642466637e-15   9.9999999999999711e-01   4.9999997564634524e-01
  2.9088000000000001e+01   1.4155870924109097e-15   9.9999999999999722e-01   4.9999997564634524e-01
  2.9160000000000000e+01   1.2978762553362612e-15   9.9999999999999734e-01   4.9999997564634524e-01
  2.9231999999999999e+01   1.1899534344677967e-15   9.9999999999999745e-01   4.9999997564634524e-01
  2.9303999999999998e+01   1.0910047275968866e-15   9.9999999999999756e-01   4.9999997564634524e-01
  2.9376000000000001e+01   1.0002839108217371e-15   9.9999999999999756e-01   4.9999997564634530e-01
  2.9448000000000000e+01   9.1710681090333587e-16   9.9999999999999767e-01   4.9999997564634530e-01
  2.9520000000000000e+01   8.4084614557598418e-16   9.9999999999999778e-01   4.9999997564634530e-01
  2.9591999999999999e+01   7.7092679290065710e-16   9.9999999999999778e-01   4.9999997564634530e-01
  2.9664000000000001e+01   7.0682145398506886e-16   9.9999999999999789e-01   4.9999997564634535e-01
  2.9736000000000001e+01   6.4804667636088560e-16   9.9999999999999800e-01   4.9999997564634535e-01
  2.9808000000000000e+01   5.9415920802841869e-16   9.9999999999999800e-01   4.9999997564634535e-01
  2.9879999999999999e+01   5.4475265467286337e-16   9.9999999999999811e-01   4.9999997564634541e-01
  2.9952000000000002e+01   4.9945441484250664e-16   9.9999999999999811e-01   4.9999997564634541e-01
  3.0024000000000001e+01   4.5792286997557956e-16   9.9999999999999822e-01   4.9999997564634541e-01
  3.0096000000000000e+01   4.1984480808436445e-16   9.9999999999999822e-01   4.9999997564634546e-01
  3.0167999999999999e+01   3.8493306166729644e-16   9.9999999999999833e-01   4.9999997564634546e-01
  3.0239999999999998e+01   3.5292434203539123e-16   9.9999999999999833e-01   4.9999997564634552e-01
  3.0312000000000001e+01   3.2357725372059129e-16   9.9999999999999845e-01   4.9999997564634552e-01
  3.0384000000000000e+01   2.9667047399170931e-16   9.9999999999999845e-01   4.9999997564634557e-01
  3.0456000000000000e+01   2.7200108374880170e-16   9.9999999999999856e-01   4.9999997564634557e-01
  3.0527999999999999e+01   2.4938303720842672e-16   9.9999999999999856e-01   4.9999997564634563e-01
  3.0600000000000001e+01   2.2864575883893317e-16   9.9999999999999856e-01   4.9999997564634568e-01
  3.0672000000000001e+01   2.0963285696457436e-16   9.9999999999999867e-01   4.9999997564634574e-01
  3.0744000000000000e+01   1.9220094433710793e-16   9.9999999999999867e-01   4.9999997564634574e-01
  3.0815999999999999e+01   1.7621855678022723e-16   9.9999999999999878e-01   4.9999997564634580e-01
  3.0888000000000002e+01   1.6156516175179241e-16   9.9999999999999878e-01   4.9999997564634585e-01
  3.0960000000000001e+01   1.4813024934694052e-16   9.9999999999999878e-01   4.9999997564634591e-01
  3.1032000000000000e+01   1.3581249888687962e-16   9.9999999999999889e-01   4.9999997564634596e-01
  3.1103999999999999e+01   1.2451901480820472e-16   9.9999999999999889e-01   4.9999997564634602e-01
  3.1175999999999998e+01   1.1416462609019859e-16   9.9999999999999889e-01   4.9999997564634613e-01
  3.1248000000000001e+01   1.0467124393675454e-16   9.9999999999999900e-01   4.9999997564634618e-01
  3.1320000000000000e+01   9.5967272868883200e-17   9.9999999999999900e-01   4.9999997564634624e-01
  3.1391999999999999e+01   8.7987070786561091e-17   9.9999999999999900e-01   4.9999997564634635e-01
  3.1463999999999999e+01   8.0670453927981372e-17   9.9999999999999900e-01   4.9999997564634646e-01
  3.1536000000000001e+01   7.3962242992860832e-17   9.9999999999999911e-01   4.9999997564634652e-01
  3.1608000000000001e+01   6.7811847006892735e-17   9.9999999999999911e-01   4.9999997564634663e-01
  3.1680000000000000e+01   6.2172881789063669e-17   9.9999999999999911e-01   4.9999997564634674e-01
  3.1751999999999999e+01   5.7002820144507115e-17   9.9999999999999911e-01   4.9999997564634691e-01
  3.1824000000000002e+01   5.2262671144824871e-17   9.9999999999999911e-01   4.9999997564634702e-01
  3.1896000000000001e+01   4.7916686077170538e-17   9.9999999999999922e-01   4.9999997564634713e-01
  3.1968000000000000e+01   4.3932088844512019e-17   9.9999999999999922e-01   4.9999997564634729e-01
  3.2039999999999999e+01   4.0278828783887295e-17   9.9999999999999922e-01   4.9999997564634746e-01
  3.2112000000000002e+01   3.6929354038533527e-17   9.9999999999999922e-01   4.9999997564634763e-01
  3.2183999999999997e+01   3.3858403774776606e-17   9.9999999999999922e-01   4.9999997564634785e-01
  3.2256000000000000e+01   3.1042817676684942e-17   9.9999999999999933e-01   4.9999997564634802e-01
  3.2328000000000003e+01   2.8461361281792992e-17   9.9999999999999933e-01   4.9999997564634824e-01
  3.2399999999999999e+01   2.6094565840663342e-17   9.9999999999999933e-01   4.9999997564634846e-01
  3.2472000000000001e+01   2.3924581492589855e-17   9.9999999999999933e-01   4.9999997564634874e-01
  3.2543999999999997e+01   2.1935042650165218e-17   9.9999999999999933e-01   4.9999997564634902e-01
  3.2616000000000000e+01   2.0110944577512376e-17   9.9999999999999933e-01   4.9999997564634929e-01
  3.2688000000000002e+01   1.8438530231393885e-17   9.9999999999999944e-01   4.9999997564634957e-01
  3.2759999999999998e+01   1.6905186511811364e-17   9.9999999999999944e-01   4.9999997564634990e-01
  3.2832000000000001e+01   1.5499349139669898e-17   9.9999999999999944e-01   4.9999997564635029e-01
  3.2904000000000003e+01   1.4210415444141299e-17   9.9999999999999944e-01   4.9999997564635068e-01
  3.2975999999999999e+01   1.3028664402012353e-17   9.9999999999999944e-01   4.9999997564635107e-01
  3.3048000000000002e+01   1.1945183325995035e-17   9.9999999999999944e-01   4.9999997564635151e-01
  3.3119999999999997e+01   1.0951800649118319e-17   9.9999999999999944e-01   4.9999997564635201e-01
  3.3192000000000000e+01   1.0041024298294296e-17   9.9999999999999944e-01   4.9999997564635251e-01
  3.3264000000000003e+01   9.2059851923035454e-18   9.9999999999999956e-01   4.9999997564635307e-01
  3.3335999999999999e+01   8.4403854380889731e-18   9.9999999999999956e-01   4.9999997564635362e-01
  3.3408000000000001e+01   7.7384508346806697e-18   9.9999999999999956e-01   4.9999997564635429e-01
  3.3479999999999997e+01   7.0948873265593063e-18   9.9999999999999956e-01   4.9999997564635495e-01
  3.3552000000000000e+01   6.5048410780516169e-18   9.9999999999999956e-01   4.9999997564635568e-01
  3.3624000000000002e+01   5.9638618676577975e-18   9.9999999999999956e-01   4.9999997564635645e-01
  3.3695999999999998e+01   5.4678695262497999e-18   9.9999999999999956e-01   4.9999997564635729e-01
  3.3768000000000001e+01   5.0131231660332028e-18   9.9999999999999956e-01   4.9999997564635823e-01
  3.3840000000000003e+01   4.5961929682128704e-18   9.9999999999999956e-01   4.9999997564635917e-01
  3.3911999999999999e+01   4.2139343165986353e-18   9.9999999999999956e-01   4.9999997564636023e-01
  3.3984000000000002e+01   3.8634640820795105e-18   9.9999999999999956e-01   4.9999997564636134e-01
  3.4055999999999997e+01   3.5421388791151706e-18   9.9999999999999956e-01   4.9999997564636256e-01
  3.4128000000000000e+01   3.2475351302660223e-18   9.9999999999999967e-01   4.9999997564636384e-01
  3.4200000000000003e+01   2.9774307884178320e-18   9.9999999999999967e-01   4.9999997564636522e-01
  3.4271999999999998e+01   2.7297885788591515e-18   9.9999999999999967e-01   4.9999997564636672e-01
  3.4344000000000001e+01   2.5027406348311207e-18   9.9999999999999967e-01   4.9999997564636833e-01
  3.4415999999999997e+01   2.2945744106783531e-18   9.9999999999999967e-01   4.9999997564637005e-01
  3.4488000000000000e+01   2.1037197663647375e-18   9.9999999999999967e-01   4.9999997564637189e-01
  3.4560000000000002e+01   1.9287371259515012e-18   9.9999999999999967e-01   4.9999997564637388e-01
  3.4631999999999998e+01   1.7683066207348326e-18   9.9999999999999967e-01   4.9999997564637605e-01
  3.4704000000000001e+01   1.6212181351652294e-18   9.9999999999999967e-01   4.9999997564637833e-01
  3.4776000000000003e+01   1.4863621804798674e-18   9.9999999999999967e-01   4.9999997564638082e-01
  3.4847999999999999e+01   1.3627215272211809e-18   9.9999999999999967e-01   4.9999997564638343e-01
  3.4920000000000002e+01   1.2493635335380460e-18   9.9999999999999967e-01   4.9999997564638632e-01
  3.4991999999999997e+01   1.1454331114131161e-18   9.9999999999999967e-01   4.9999997564638937e-01
  3.5064000000000000e+01   1.0501462777707801e-18   9.9999999999999967e-01   4.9999997564639270e-01
  3.5136000000000003e+01   9.6278424183127404e-19   9.9999999999999967e-01   4.9999997564639626e-01
  3.5207999999999998e+01   8.8268798412057088e-19   9.9999999999999967e-01   4.9999997564640003e-01
  3.5280000000000001e+01   8.0925328625307906e-19   9.9999999999999967e-01   4.9999997564640414e-01
  3.5351999999999997e+01   7.4192617400436880e-19   9.9999999999999967e-01   4.9999997564640858e-01
  3.5423999999999999e+01   6.8019873930744098e-19   9.9999999999999967e-01   4.9999997564641330e-01
  3.5496000000000002e+01   6.2360530966381943e-19   9.9999999999999967e-01   4.9999997564641840e-01
  3.5567999999999998e+01   5.7171893608110280e-19   9.9999999999999978e-01   4.9999997564642390e-01
  3.5640000000000001e+01   5.2414817305031812e-19   9.9999999999999978e-01   4.9999997564642984e-01
  3.5712000000000003e+01   4.8053412627918222e-19   9.9999999999999978e-01   4.9999997564643622e-01
  3.5783999999999999e+01   4.4054774591641172e-19   9.9999999999999978e-01   4.9999997564644305e-01
  3.5856000000000002e+01   4.0388734485398675e-19   9.9999999999999978e-01   4.9999997564645043e-01
  3.5927999999999997e+01   3.7027632339117503e-19   9.9999999999999978e-01   4.9999997564645837e-01
  3.6000000000000000e+01   3.3867806991470009e-19   9.9999999999999978e-01   3.2398274374378516e-01